615 168.12682926829268
838 90.87112171837708
1344 139.84300595238096
1539 53.57959714100065
33 266.1599788407768
785 165.61146496815286
40 252.78594890510962
47 280.8061955682944
46 223.9285558225914
30 260.09336071184146
22 297.09551441466374
15 301.7041786283891
25 264.4589304812835
37 245.7983799823559
55 241.25705838876573
159 184.277358490566
41 275.13915742793756
31 261.53134015211145
157 231.73513800424624
23 293.17749360613857
176 205.61282467532465
257 237.73540856031127
236 252.819209039548
19 306.3593453050463
27 275.70777954988483
68 215.94534679543455
59 296.775523822234
18 289.6311750599519
76 228.61902834008097
134 209.98041044776113
24 269.5048057867621
116 205.20862068965513
112 226.6270833333333
325 154.40307692307692
196 201.91496598639455
166 203.78829604130806
395 214.7746835443038
115 206.95009451795843
5 463.8653518123674
21 286.898252512014
9 380.78549987397093
29 264.53859328613834
106 239.87297843665763
128 209.34007352941177
144 250.70138888888886
43 221.66984528558902
133 246.82778374507697
17 287.3397770398482
102 248.07052498418722
145 169.05888594164455
198 152.2003367003367
190 210.78133971291862
507 165.14595660749507
229 271.6346433770015
20 297.63934359805506
42 242.0304649418825
38 242.9909168081495
44 238.68154101995572
57 261.89734100877183
58 252.49425287356323
942 146.71337579617835
85 251.23850267379683
53 261.2170480396092
130 202.19698996655515
108 223.21932870370372
66 247.2445141065832
80 236.97708333333324
32 255.8893366807611
136 245.64869281045756
86 223.4945031712473
189 130.89153439153438
72 223.12168325041458
151 228.0237306843267
74 271.92054986020497
63 243.61440551063194
16 321.26309625212946
34 245.1783134306355
7 400.70564557116666
60 234.98672566371678
84 217.43683187560734
92 219.07082748948108
206 158.2094313453537
562 116.11209964412811
2 662.074017531764
104 238.5461538461538
45 263.96289855072473
13 315.1800758518864
54 262.88914084152196
170 228.0105882352941
175 182.4844897959184
82 252.16275797373362
75 197.4023880597015
199 254.8178391959799
94 186.37269503546094
62 225.2198977962311
132 195.33686868686863
309 121.957928802589
201 237.97636815920396
100 300.94030303030297
8 381.8031473720971
49 261.3195301376363
163 244.85352760736197
376 144.77925531914894
51 242.4306501547988
12 326.4316604074207
97 234.21961160393192
148 215.79797297297296
64 258.3263888888889
113 208.4452008168822
121 278.3666811657242
36 281.4231506041852
93 254.9833147942158
711 127.42053445850914
73 220.58201153568845
328 156.07926829268294
271 203.82656826568268
99 201.4859117490696
228 181.86111111111111
39 247.99512820512862
48 248.70128205128208
168 236.23469387755102
346 193.0626204238921
191 197.4208115183246
259 233.9737451737452
1953 48.81874039938556
338 249.99112426035504
52 284.86953017042845
127 196.25421822272216
149 188.45973154362414
79 240.17147943037972
150 196.2072222222222
10185 22.074521354933726
26 267.87313348416285
78 196.60657051282047
324 238.08333333333334
161 225.23119392684612
4 497.9357118927973
69 245.64819238732272
10 337.9087649402391
67 232.31399962214255
35 254.02709225379522
56 235.23094349680176
173 246.1239563262685
14 317.4375873015868
172 227.79809725158557
289 119.05017301038062
142 220.67723004694838
11 348.80042970323586
171 229.15204678362576
6 404.2693015763452
89 244.52546019603162
139 172.64355788096793
193 138.03108808290156
14730 33.332382892057026
1 553.8445361158294
3 540.0284623843752
90 191.27013888888885
763 156.0681520314548
212 228.29447439353098
308 187.38311688311688
137 221.85583941605833
114 225.57324561403502
232 195.32758620689654
141 242.64302600472809
110 213.16602870813398
61 218.57666345226608
231 112.66666666666667
71 235.5899623090657
407 223.0835380835381
213 254.943661971831
95 242.77714285714288
119 231.59663865546221
234 358.9316239316239
719 88.0904033379694
91 236.7594627594628
147 153.62312925170068
81 249.49252761533467
65 210.71115384615388
349 216.80038204393506
256 219.77864583333334
3800 23.870789473684212
855 149.34152046783626
118 275.71186440677974
402 150.35489220563846
3880 70.04690721649484
83 222.9091977666764
233 160.29327610872676
302 211.6147902869757
167 222.47704590818364
77 250.20431354359923
111 272.42372372372364
472 199.4343220338983
358 200.74022346368716
28 263.0122643652059
352 160.90719696969697
155 225.37022332506206
250 177.744
646 132.48065015479875
87 240.82029716848893
186 201.17383512544802
5420 36.323431734317346
138 161.21212121212122
705 168.4241134751773
122 224.31803278688528
459 109.47058823529412
109 198.23394495412848
195 204.17820512820515
2916 64.57647462277092
264 126.08712121212122
96 270.39725378787875
154 248.50937950937953
600 131.56444444444446
131 201.8355842630652
556 118.15107913669065
290 250.19655172413792
567 162.93827160493828
1373 131.5673707210488
249 178.68961560527825
260 146.39461538461538
375 114.67733333333334
968 73.15185950413223
2089 74.88989947343227
400 223.1175
826 189.42372881355934
416 195.43028846153845
158 283.97890295358656
188 293.64952718676125
162 206.21773288439954
269 242.71096654275095
194 200.1791237113402
185 190.8738738738739
50 239.32535714285703
143 230.48158508158502
1068 149.91947565543072
105 247.56998556998562
187 193.87776928953397
533 236.8799249530957
534 164.31460674157304
262 216.9675572519084
238 225.03571428571428
88 238.8316596194502
103 212.55300970873787
1795 108.34930362116992
164 169.83536585365852
311 189.9887459807074
451 190.33370288248335
1066 135.75046904315198
219 172.60045662100455
226 256.7566371681416
101 252.2892289228923
209 252.56578947368422
181 222.0232044198895
129 207.51291989664088
312 262.61111111111114
299 206.8578595317726
1499 80.57438292194797
182 176.43956043956044
734 161.38283378746593
126 253.19841269841274
3986 59.331159056698446
200 221.275
220 166.47272727272727
204 252.68954248366015
243 244.33058984910835
739 241.02841677943167
221 247.86425339366517
503 235.34194831013917
744 264.98521505376345
251 191.64840637450197
543 222.00184162062615
146 233.3234984193888
425 149.58588235294118
117 229.84464555052793
98 263.45221503235445
174 212.38218390804596
440 238.5568181818182
165 217.36694214876027
169 201.22721893491124
563 174.71403197158082
414 215.04106280193236
506 115.300395256917
258 280.5917312661499
1165 83.12188841201717
398 169.7072864321608
793 69.97099621689786
1425 79.32
1513 113.01321877065433
559 112.01788908765653
278 188.83453237410072
369 201.51084010840108
437 209.70137299771167
124 245.62298387096772
366 221.6912568306011
252 211.3968253968254
216 278.69328703703707
179 242.9534450651769
508 107.70472440944881
208 350.19711538461536
397 200.75566750629724
254 157.61548556430446
332 160.5632530120482
284 85.99823943661971
120 187.34429824561403
274 242.09945255474454
281 179.97597864768682
318 192.8883647798742
493 184.46247464503043
364 214.99175824175825
350 169.80285714285714
334 266.1332335329341
183 197.14207650273224
177 131.10828625235405
125 223.47670588235292
317 246.29337539432177
524 93.41984732824427
415 152.30602409638556
240 241.27291666666667
658 104.59422492401215
327 153.710499490316
237 220.1181434599156
245 205.99897959183676
1184 129.77449324324326
242 222.2303719008264
413 235.13075060532688
339 125.13274336283186
448 94.53683035714286
858 152.63752913752913
314 201.78821656050957
431 213.93271461716938
761 124.08147174770039
288 138.94791666666666
329 185.20820668693008
313 229.72843450479232
363 142.19283746556474
215 301.4220930232558
225 227.95111111111112
573 135.1483420593368
387 246.7105943152455
399 123.83333333333334
224 292.675
279 247.52688172043008
123 226.1581300813008
261 208.82758620689654
361 207.23545706371192
1711 118.21449444769141
295 132.00677966101694
235 251.39432624113473
184 221.19384057971013
247 113.89878542510121
489 182.30572597137015
633 163.8436018957346
757 163.71994715984147
695 170.52805755395684
419 190.00238663484487
913 79.27272727272727
552 176.55797101449275
545 168.1743119266055
1458 104.76131687242798
1837 114.81709308655417
266 184.60714285714286
981 59.82364933741081
301 91.34883720930233
333 85.1951951951952
817 39.805385556915546
286 247.05419580419579
752 180.85106382978722
1548 134.87919896640827
341 147.9765395894428
326 83.20552147239263
217 264.48233486943167
941 178.7778958554729
135 232.88444444444443
501 190.0758483033932
1033 148.188770571152
223 228.5695067264574
652 173.52147239263803
335 271.97910447761194
475 137.41473684210527
1083 148.61495844875347
1261 135.58762886597938
205 252.92357723577234
321 265.7725856697819
825 187.6339393939394
230 194.01884057971014
156 265.5747863247863
611 162.97381342062192
691 140.52387843704776
298 231.6979865771812
70 211.44863945578237
386 256.0077720207254
306 256.51307189542484
487 181.1581108829569
336 157.42361111111111
337 200.19881305637983
293 234.19453924914677
253 189.6798418972332
180 294.4349206349206
140 237.73636363636362
374 219.1711229946524
297 244.52356902356902
152 300.03289473684214
388 251.8221649484536
192 166.7560763888889
304 200.37828947368422
635 202.71653543307087
370 217.6054054054054
320 127.66875
803 163.5093399750934
267 129.6067415730337
412 207.40291262135923
454 106.62775330396475
359 98.62116991643454
699 63.095851216022886
807 107.01982651796779
990 68.55555555555556
282 286.8599290780142
315 213.21269841269842
300 76.36
248 177.86290322580646
207 232.72463768115944
214 143.2289719626168
222 179.25
310 228.53548387096774
160 110.83125000000001
153 263.7019607843137
897 158.17279821627648
210 194.54761904761907
467 175.91970021413277
880 125.17159090909091
107 200.6005902606985
465 126.85806451612903
355 102.84225352112676
430 94.01860465116279
452 114.95575221238938
373 172.3592493297587
203 228.8743842364532
211 272.65402843601896
385 210.4857142857143
178 284.8834269662921
665 146.52631578947367
241 245.9668049792531
468 107.31410256410257
645 61.83255813953488
895 151.59888268156425
802 135.3503740648379
331 159.3595166163142
356 182.18820224719101
1201 119.94837635303914
401 253.08977556109727
854 147.55269320843092
409 206.0880195599022
383 212.40731070496085
275 300.0509090909091
456 216.86622807017545
393 32.63104325699746
227 295.352422907489
287 62.43205574912892
344 40.27325581395349
544 177.19669117647058
197 184.21827411167513
384 180.92447916666666
449 221.8663697104677
428 123.82009345794393
322 295.1925465838509
202 113.0990099009901
436 158.35550458715596
461 113.33188720173536
510 118.13921568627451
292 155.26712328767124
218 178.11009174311928
348 116.30747126436782
340 91.03529411764706
396 35.303030303030305
270 107.28888888888889
273 130.4102564102564
