615 1
838 1
1344 1
1539 1
33 401
785 1
40 274
47 193
46 199
30 487
22 987
15 2090
25 748
37 337
55 123
159 10
41 275
31 492
157 12
23 935
176 7
257 2
236 3
19 1357
27 627
68 67
59 127
18 1390
76 65
134 16
24 841
116 30
112 30
325 1
196 6
166 7
395 3
115 23
5 11256
21 1090
9 4849
29 604
106 28
128 17
144 11
43 239
133 21
17 1488
102 31
145 13
198 3
190 11
507 2
229 3
20 1234
42 254
38 310
44 246
57 128
58 129
942 1
85 77
53 141
130 23
108 16
66 87
80 48
32 473
136 18
86 55
189 4
72 67
151 12
74 58
63 106
16 1761
34 399
7 7027
60 113
84 49
92 31
206 7
562 1
2 30459
104 30
45 230
13 2657
54 147
170 5
175 14
82 52
75 67
199 4
94 30
62 101
132 15
309 1
201 8
100 33
8 5727
49 172
163 8
376 2
51 190
12 2929
97 43
148 10
64 99
113 26
121 19
36 377
93 29
711 1
73 76
328 1
271 3
99 38
228 3
39 300
48 195
168 7
346 3
191 8
259 5
1953 1
338 1
52 167
127 14
149 8
79 64
150 12
10185 1
26 680
78 48
324 1
161 9
4 14925
69 91
10 4016
67 79
35 367
56 134
173 9
14 2250
172 11
289 2
142 12
11 3385
171 6
6 8691
89 47
139 11
193 6
14730 1
1 49452
3 20612
90 48
763 2
212 7
308 1
137 12
114 20
232 4
141 12
110 19
61 102
231 3
71 71
407 1
213 3
95 35
119 18
234 1
719 1
91 45
147 10
81 38
65 80
349 3
256 6
3800 1
855 1
118 14
402 3
3880 1
83 41
233 3
302 3
167 3
77 56
111 30
472 1
358 2
28 629
352 3
155 13
250 1
646 2
87 41
186 3
5420 1
138 11
705 1
122 15
459 1
109 26
195 4
2916 1
264 4
96 22
154 9
600 3
131 13
556 1
290 2
567 2
1373 1
249 7
260 5
375 2
968 1
2089 1
400 1
826 1
416 1
158 9
188 9
162 11
269 4
194 4
185 6
50 168
143 15
1068 1
105 33
187 7
533 1
534 1
262 2
238 2
88 43
103 25
1795 1
164 7
311 2
451 2
1066 1
219 4
226 2
101 33
209 4
181 5
129 18
312 3
299 2
1499 1
182 4
734 1
126 13
3986 1
200 5
220 5
204 3
243 3
739 1
221 4
503 1
744 1
251 4
543 1
146 13
425 2
117 17
98 41
174 10
440 2
165 11
169 5
563 1
414 1
506 1
258 3
1165 1
398 2
793 1
1425 1
1513 1
559 1
278 2
369 2
437 2
124 24
366 1
252 2
216 4
179 3
508 1
208 1
397 1
254 3
332 2
284 2
120 19
274 4
281 4
318 2
493 1
364 1
350 2
334 2
183 4
177 6
125 17
317 2
524 1
415 1
240 2
658 1
327 3
237 2
245 4
1184 1
242 4
413 2
339 2
448 2
858 1
314 2
431 1
761 1
288 1
329 2
313 1
363 1
215 4
225 1
573 1
387 1
399 2
224 5
279 3
123 20
261 3
361 2
1711 1
295 1
235 3
184 3
247 1
489 2
633 1
757 1
695 1
419 1
913 1
552 1
545 2
1458 1
1837 1
266 2
981 1
301 2
333 1
817 1
286 2
752 1
1548 1
341 1
326 1
217 3
941 1
135 15
501 1
1033 1
223 8
652 1
335 1
475 1
1083 1
1261 1
205 3
321 1
825 1
230 3
156 6
611 2
691 1
298 1
70 84
386 1
306 2
487 1
336 3
337 1
293 1
253 2
180 7
140 11
374 1
297 2
152 8
388 1
192 6
304 1
635 1
370 1
320 2
803 1
267 2
412 1
454 1
359 1
699 1
807 1
990 1
282 2
315 1
300 1
248 2
207 2
214 4
222 2
310 1
160 2
153 5
897 1
210 5
467 2
880 1
107 19
465 1
355 1
430 1
452 1
373 1
203 4
211 1
385 1
178 4
665 1
241 1
468 1
645 1
895 1
802 1
331 1
356 1
1201 1
401 1
854 1
409 1
383 1
275 1
456 1
393 1
227 1
287 1
344 1
544 1
197 1
384 1
449 1
428 1
322 1
202 1
436 1
461 1
510 1
292 2
218 3
348 1
340 1
396 1
270 2
273 1
