0	1
1	0
2	5
2	11
2	54
2	222
2	286
2	403
2	478
2	501
2	539
2	544
2	837
2	845
2	1049
2	1066
2	1159
2	1269
2	1441
2	1518
2	1540
4	1543
5	2
5	1339
5	1422
5	1435
5	1450
5	1531
6	433
6	1300
6	1358
6	1494
6	1497
6	1514
6	1516
7	1463
8	1441
8	1519
11	2
13	1445
13	1501
14	1512
17	105
17	1467
18	31
18	554
18	1159
18	1290
18	1539
19	1062
20	25
22	381
24	40
24	54
24	114
24	264
24	293
24	302
24	307
24	329
24	333
24	344
24	364
24	554
24	713
24	1159
24	1318
24	1362
24	1382
24	1401
24	1418
24	1422
24	1429
24	1445
24	1469
24	1473
24	1514
24	1519
24	1531
24	1540
24	1566
25	20
25	1290
25	1362
25	1422
25	1500
25	1519
25	1566
29	30
29	206
29	222
29	233
29	244
29	301
29	554
29	652
29	792
29	893
29	908
29	1159
29	1245
29	1246
29	1248
29	1260
29	1264
29	1269
29	1277
29	1278
29	1280
29	1284
29	1306
29	1308
29	1310
29	1318
29	1339
29	1358
29	1362
29	1372
29	1373
29	1374
29	1379
29	1383
29	1386
29	1392
29	1401
29	1406
29	1422
29	1429
29	1432
29	1441
29	1444
29	1450
29	1456
29	1461
29	1463
29	1464
29	1466
29	1468
29	1479
29	1483
29	1488
29	1492
29	1494
29	1496
29	1497
29	1500
29	1502
29	1508
29	1513
29	1514
29	1516
29	1518
29	1519
29	1522
29	1526
29	1527
29	1539
29	1540
29	1541
29	1549
29	1566
29	1569
30	29
30	446
30	1300
30	1488
30	1492
30	1519
30	1559
31	18
33	1245
33	1297
33	1300
34	554
34	1500
34	1519
35	165
36	1254
36	1498
36	1527
37	40
37	301
37	542
37	625
37	1374
37	1386
37	1432
37	1538
37	1566
38	287
38	1476
39	54
39	284
39	554
39	656
39	1418
39	1519
39	1565
40	24
40	37
40	54
40	149
40	329
40	395
40	477
40	499
40	542
40	625
40	660
40	710
40	785
40	1049
40	1261
40	1327
40	1350
40	1362
40	1484
40	1492
40	1531
40	1572
41	1492
41	1511
41	1559
42	284
42	489
42	1159
42	1290
42	1422
44	1362
45	151
45	283
45	530
45	1062
48	152
48	1374
48	1422
48	1492
48	1527
48	1540
49	651
51	89
51	187
51	1306
51	1450
51	1519
51	1566
52	62
52	152
52	284
52	432
52	544
52	893
52	1245
52	1422
52	1428
52	1450
52	1492
52	1496
52	1514
52	1516
52	1519
52	1527
52	1539
54	2
54	24
54	39
54	40
54	56
54	554
54	656
54	893
54	1159
54	1252
54	1260
54	1284
54	1291
54	1300
54	1308
54	1327
54	1342
54	1358
54	1362
54	1418
54	1425
54	1429
54	1441
54	1445
54	1492
54	1500
54	1514
54	1519
54	1540
54	1541
54	1566
56	54
56	61
56	66
56	478
56	500
56	631
56	788
56	914
56	1159
56	1464
57	283
57	554
57	837
57	1476
57	1511
57	1516
58	275
58	1516
59	60
60	59
60	224
61	56
61	114
61	150
61	204
61	257
61	356
61	395
61	404
61	415
61	428
61	433
61	450
61	554
61	656
61	771
61	888
61	1362
61	1450
61	1464
61	1507
61	1511
61	1516
62	52
62	89
62	101
62	284
62	433
62	554
62	634
62	837
62	849
62	1159
62	1254
62	1264
62	1284
62	1300
62	1310
62	1324
62	1327
62	1358
62	1362
62	1374
62	1379
62	1382
62	1386
62	1395
62	1401
62	1418
62	1422
62	1445
62	1450
62	1456
62	1463
62	1464
62	1466
62	1468
62	1485
62	1488
62	1496
62	1500
62	1516
62	1519
62	1527
62	1540
62	1549
63	147
63	197
64	1300
64	1303
64	1500
65	634
65	1300
65	1339
65	1450
65	1519
65	1566
66	56
66	1402
67	72
67	86
67	101
67	198
67	222
67	233
67	241
67	264
67	535
67	1516
67	1552
67	1575
68	1303
68	1516
69	405
69	1362
69	1367
69	1441
69	1516
70	78
70	89
70	94
70	150
70	270
70	521
70	1435
70	1464
70	1516
70	1575
72	67
72	101
72	232
72	1300
72	1337
72	1539
74	1159
74	1492
74	1516
76	1062
76	1441
76	1519
78	70
78	114
78	1362
78	1464
78	1516
78	1527
79	150
79	284
79	599
79	1549
80	81
80	837
81	80
81	150
81	206
81	1290
81	1362
81	1488
81	1516
81	1566
83	105
84	206
84	232
84	333
84	520
84	1203
84	1464
84	1516
84	1540
85	89
85	94
85	105
85	1566
86	67
86	657
86	665
86	837
87	1425
88	145
88	284
88	1418
88	1514
88	1571
89	51
89	62
89	70
89	85
89	187
89	656
89	785
89	893
89	908
89	1159
89	1245
89	1284
89	1327
89	1362
89	1379
89	1382
89	1402
89	1418
89	1429
89	1516
89	1518
89	1524
89	1526
89	1540
89	1556
89	1562
89	1566
91	1450
92	323
92	325
92	544
92	738
92	1159
92	1556
94	70
94	85
94	105
94	1516
94	1575
98	631
98	837
98	1062
98	1476
99	203
99	204
99	837
99	1459
101	62
101	67
101	72
101	169
101	219
101	264
101	284
101	285
101	326
101	423
101	478
101	713
101	837
101	1159
101	1291
101	1300
101	1492
101	1575
102	114
102	329
102	1394
104	446
104	1159
104	1373
104	1397
105	17
105	83
105	85
105	94
105	113
105	115
105	130
105	150
105	152
105	169
105	284
105	294
105	374
105	392
105	399
105	432
105	439
105	444
105	450
105	738
105	908
105	1159
105	1245
105	1252
105	1284
105	1291
105	1318
105	1358
105	1362
105	1374
105	1392
105	1396
105	1450
105	1476
105	1500
105	1511
105	1516
105	1526
105	1539
105	1540
105	1549
105	1566
105	1567
105	1575
106	1159
106	1396
106	1500
106	1507
108	1358
108	1374
108	1531
110	224
111	462
111	625
111	770
111	787
111	1308
111	1310
111	1314
111	1362
111	1472
111	1492
112	114
112	150
112	210
112	221
112	682
112	713
112	1057
112	1394
112	1418
112	1422
112	1456
112	1476
112	1540
112	1559
113	105
113	225
113	285
113	350
113	374
113	403
113	634
113	1313
114	24
114	61
114	78
114	102
114	112
114	169
114	208
114	226
114	253
114	261
114	262
114	403
114	404
114	634
114	713
114	931
114	1203
114	1280
114	1374
114	1382
114	1383
114	1394
114	1401
114	1422
114	1432
114	1444
114	1450
114	1456
114	1464
114	1468
114	1473
114	1488
114	1501
114	1510
114	1527
114	1540
114	1566
114	1571
115	105
115	169
115	284
115	1362
115	1395
115	1516
115	1575
117	233
117	321
117	500
117	969
117	1057
118	119
118	197
118	198
118	656
118	1376
118	1450
118	1552
118	1567
119	118
119	554
119	1376
119	1461
119	1519
120	405
120	656
120	908
120	1422
120	1498
120	1559
122	1062
124	476
126	143
129	1373
130	105
130	1511
133	458
133	599
135	147
135	1464
135	1488
137	147
137	197
137	198
139	150
143	126
143	145
143	147
143	151
143	283
143	284
143	304
143	308
143	546
145	88
145	143
145	298
145	1297
145	1540
146	489
147	63
147	135
147	137
147	143
147	157
147	171
147	174
147	179
147	294
149	40
150	61
150	70
150	79
150	81
150	105
150	112
150	139
150	284
150	568
150	713
150	1254
150	1280
150	1291
150	1313
150	1373
150	1383
150	1422
150	1428
150	1435
150	1444
150	1450
150	1463
150	1519
150	1527
150	1549
150	1559
150	1564
151	45
151	143
152	48
152	52
152	105
152	169
152	196
152	244
152	247
152	309
152	326
152	370
152	393
152	401
152	403
152	444
152	478
152	535
152	554
152	625
152	631
152	657
152	792
152	1260
152	1280
152	1300
152	1304
152	1306
152	1318
152	1320
152	1357
152	1358
152	1362
152	1377
152	1392
152	1450
152	1463
152	1480
152	1514
152	1516
152	1538
152	1541
152	1575
153	333
153	1435
154	156
154	333
154	465
154	513
154	607
154	771
154	837
154	984
154	1104
154	1492
154	1511
154	1565
155	216
155	263
155	713
155	1062
156	154
156	333
156	1159
156	1300
156	1362
156	1422
156	1540
157	147
157	1374
157	1425
157	1463
157	1519
159	554
162	1435
164	1450
165	35
166	257
166	621
166	1062
169	101
169	105
169	114
169	115
169	152
169	233
169	284
169	294
169	323
169	399
169	476
169	554
169	713
169	738
169	1159
169	1450
169	1516
169	1549
169	1552
169	1575
171	147
174	147
174	657
175	300
176	340
179	147
179	278
179	839
181	1260
182	405
187	51
187	89
187	392
187	399
187	581
187	596
187	737
187	838
187	914
187	1339
187	1396
187	1419
187	1498
187	1541
188	203
188	1476
190	315
190	476
190	1464
192	1159
193	554
193	1362
193	1406
194	204
194	241
194	321
194	501
194	522
194	616
194	961
195	713
196	152
196	478
196	500
197	63
197	118
197	137
197	198
197	665
197	1422
197	1496
198	67
198	118
198	137
198	197
198	893
198	1245
198	1306
198	1308
198	1422
198	1527
198	1531
198	1552
199	1500
200	1062
202	222
202	254
203	99
203	188
203	1159
203	1260
203	1358
203	1476
203	1516
203	1566
204	61
204	99
204	194
204	233
204	493
204	517
204	535
204	837
204	969
204	1062
204	1374
204	1422
204	1494
204	1507
204	1511
204	1518
204	1527
205	222
205	285
206	29
206	81
206	84
206	211
206	271
206	329
206	393
206	710
206	1062
206	1261
206	1327
206	1332
206	1350
206	1360
206	1444
206	1515
208	114
208	253
208	261
208	520
208	521
208	888
208	1501
208	1510
208	1566
210	112
210	329
210	1566
211	206
211	329
216	155
216	263
216	405
219	101
219	665
219	1306
219	1362
219	1374
219	1463
219	1566
220	357
221	112
221	423
222	2
222	29
222	67
222	202
222	205
222	226
222	254
222	256
222	261
222	264
222	296
222	315
222	323
222	333
222	351
222	405
222	450
222	460
222	544
222	546
222	556
222	738
222	888
222	1062
222	1159
222	1276
222	1291
222	1318
222	1339
222	1358
222	1362
222	1376
222	1422
222	1425
222	1445
222	1456
222	1492
222	1500
222	1519
222	1527
222	1540
222	1566
223	224
224	60
224	110
224	223
224	931
224	1516
225	113
225	1159
225	1464
225	1514
226	114
226	222
226	258
226	263
226	264
226	1104
227	251
227	476
231	1383
231	1495
231	1523
232	72
232	84
232	265
232	1277
232	1318
233	29
233	67
233	117
233	169
233	204
233	284
233	358
233	459
233	506
233	535
233	544
233	599
233	631
233	718
233	1198
233	1291
233	1435
233	1476
233	1524
233	1539
233	1540
233	1549
233	1552
235	1062
237	713
240	520
240	1245
240	1362
240	1383
240	1422
240	1497
240	1566
241	67
241	194
241	256
241	264
241	321
241	459
241	471
241	539
241	732
241	868
241	1159
241	1397
241	1435
241	1516
241	1540
244	29
244	152
244	271
244	430
244	542
244	625
244	1062
244	1255
244	1303
244	1320
244	1334
244	1357
244	1360
244	1362
244	1429
244	1445
244	1474
244	1500
244	1538
244	1556
244	1566
247	152
247	1429
247	1538
248	549
248	587
251	227
251	1291
251	1318
253	114
253	208
254	202
254	222
254	1291
255	456
255	657
256	222
256	241
256	1516
257	61
257	166
257	263
257	520
257	713
257	1062
257	1497
258	226
259	263
259	868
259	1159
259	1519
261	114
261	208
261	222
261	264
262	114
262	868
263	155
263	216
263	226
263	257
263	259
263	405
263	868
263	1062
264	24
264	67
264	101
264	222
264	226
264	241
264	261
264	326
264	351
264	356
264	570
264	837
264	1049
264	1358
264	1396
264	1516
264	1518
264	1519
264	1552
265	232
265	1062
266	986
266	1516
268	837
268	1396
270	70
270	1062
271	206
271	244
271	1318
271	1374
271	1422
271	1511
271	1519
271	1531
271	1566
272	535
272	1396
274	625
274	1306
275	58
278	179
278	1062
279	1396
283	45
283	57
283	143
283	402
283	405
283	1062
284	39
284	42
284	52
284	62
284	79
284	88
284	101
284	105
284	115
284	143
284	150
284	169
284	233
284	287
284	350
284	374
284	415
284	432
284	444
284	474
284	497
284	535
284	540
284	544
284	545
284	546
284	554
284	556
284	585
284	591
284	599
284	607
284	631
284	656
284	657
284	666
284	713
284	725
284	737
284	786
284	837
284	868
284	893
284	908
284	985
284	1159
284	1245
284	1252
284	1260
284	1264
284	1269
284	1284
284	1289
284	1290
284	1300
284	1318
284	1327
284	1358
284	1362
284	1370
284	1374
284	1376
284	1379
284	1386
284	1406
284	1418
284	1422
284	1425
284	1445
284	1450
284	1459
284	1476
284	1492
284	1497
284	1507
284	1514
284	1516
284	1519
284	1526
284	1527
284	1539
284	1540
284	1549
284	1551
284	1552
284	1556
284	1559
284	1566
285	101
285	113
285	205
285	287
285	415
285	478
285	631
285	634
285	1159
285	1345
285	1528
286	2
286	287
286	433
286	516
286	888
286	1159
286	1362
286	1406
286	1422
286	1485
286	1516
286	1527
286	1566
287	38
287	284
287	285
287	286
287	323
287	476
287	1330
287	1450
287	1567
288	422
288	430
288	765
289	1566
291	294
291	1159
291	1566
293	24
294	105
294	147
294	169
294	291
294	516
294	554
294	837
294	908
294	1362
294	1374
294	1519
296	222
298	145
300	175
301	29
301	37
301	462
301	1243
301	1260
301	1284
301	1313
301	1538
301	1566
302	24
302	1514
303	321
303	535
304	143
304	546
305	554
305	1252
305	1374
305	1406
305	1422
305	1492
305	1566
307	24
307	1514
308	143
308	1062
308	1313
309	152
309	1538
312	476
315	190
315	222
315	1062
315	1464
319	327
321	117
321	194
321	241
321	303
321	732
321	837
321	868
321	888
321	908
321	1062
321	1159
321	1306
321	1362
321	1374
321	1422
321	1456
321	1463
321	1519
321	1527
322	432
322	476
322	530
322	535
322	1062
322	1396
323	92
323	169
323	222
323	287
323	325
323	432
323	475
323	501
323	507
323	631
323	657
323	665
323	738
323	837
323	1062
323	1396
323	1567
324	1243
325	92
325	323
325	351
325	554
325	738
325	1358
325	1518
325	1519
326	101
326	152
326	264
327	319
327	713
327	1062
329	24
329	40
329	102
329	206
329	210
329	211
329	535
329	839
329	1066
329	1261
329	1303
329	1332
329	1396
329	1445
329	1449
329	1474
330	1358
333	24
333	84
333	153
333	154
333	156
333	222
333	500
333	738
333	837
333	1203
333	1300
333	1382
333	1402
333	1422
333	1435
333	1459
333	1464
333	1492
333	1510
333	1511
333	1518
333	1540
333	1549
333	1551
333	1567
335	738
335	837
336	1055
336	1538
337	625
337	908
337	1277
337	1278
337	1288
337	1297
337	1303
337	1304
337	1313
337	1560
338	387
338	471
338	738
338	837
339	1306
339	1422
339	1494
340	176
340	738
340	753
340	797
340	1062
341	837
342	710
343	344
343	459
343	837
343	1159
344	24
344	343
344	459
344	1514
346	738
347	432
347	837
347	1252
347	1425
347	1500
348	1313
348	1500
350	113
350	284
350	374
350	403
350	634
350	1252
350	1308
350	1418
350	1567
351	222
351	264
351	325
351	356
351	837
354	1539
356	61
356	264
356	351
356	408
356	478
356	837
357	220
358	233
358	537
358	553
358	1159
359	837
360	362
361	362
362	360
362	361
362	368
362	530
362	621
364	24
364	1445
364	1519
366	1527
367	373
368	362
368	738
368	837
369	478
369	837
370	152
373	367
374	105
374	113
374	284
374	350
374	634
374	657
374	837
374	890
374	898
374	978
374	1425
374	1510
375	837
375	1280
375	1358
375	1540
377	738
377	1308
377	1315
377	1358
377	1362
377	1374
377	1422
377	1450
377	1519
377	1566
379	1549
381	22
381	491
381	542
381	625
381	1159
381	1260
381	1289
381	1385
381	1488
381	1527
381	1531
381	1543
382	1524
383	738
383	837
383	1519
384	530
384	554
384	1510
386	468
386	478
387	338
387	478
387	1159
387	1358
387	1369
387	1422
387	1435
387	1514
388	1159
388	1374
390	478
390	500
390	686
391	392
392	105
392	187
392	391
392	1291
392	1450
392	1511
392	1565
393	152
393	206
393	478
393	554
393	738
393	837
393	893
393	1280
393	1362
393	1450
393	1497
393	1566
393	1575
395	40
395	61
395	1062
399	105
399	169
399	187
399	434
399	439
399	478
399	500
399	554
399	837
399	1362
399	1374
399	1422
399	1461
399	1463
399	1540
399	1549
400	478
401	152
401	444
401	478
401	544
401	837
402	283
402	568
402	986
402	1062
403	2
403	113
403	114
403	152
403	350
403	404
403	478
403	554
403	1374
403	1502
403	1527
403	1540
404	61
404	114
404	403
404	405
404	520
404	1362
404	1422
404	1464
404	1501
404	1527
405	69
405	120
405	182
405	216
405	222
405	263
405	283
405	404
405	520
405	888
405	1062
405	1159
407	1518
408	356
408	432
408	474
408	1203
408	1459
408	1501
409	410
409	477
410	409
410	477
411	478
412	484
412	500
413	738
413	1159
414	471
414	1062
414	1300
415	61
415	284
415	285
415	501
415	554
415	570
415	576
415	585
415	713
415	1395
415	1450
415	1511
415	1514
415	1519
416	429
416	713
416	850
416	1062
419	797
419	1062
420	1374
420	1566
421	423
421	554
421	1498
422	288
422	430
422	625
422	1265
422	1385
423	101
423	221
423	421
423	432
423	436
423	440
423	471
423	521
423	535
423	554
423	599
423	713
423	849
423	868
423	888
423	1062
423	1104
423	1373
423	1435
423	1498
423	1524
423	1539
424	1492
428	61
429	416
429	1062
430	244
430	288
430	422
430	466
430	554
430	609
430	625
430	1260
430	1303
430	1306
430	1357
430	1362
430	1370
430	1374
430	1463
430	1465
430	1500
430	1502
430	1538
430	1540
430	1556
430	1566
432	52
432	105
432	284
432	322
432	323
432	347
432	408
432	423
432	444
432	450
432	473
432	474
432	476
432	477
432	481
432	488
432	489
432	492
432	500
432	507
432	510
432	516
432	539
432	544
432	553
432	561
432	568
432	593
432	621
432	665
432	713
432	893
432	984
432	1269
432	1284
432	1308
432	1362
432	1374
432	1396
432	1422
432	1450
432	1463
432	1497
432	1498
432	1507
432	1510
432	1519
432	1540
432	1566
432	1570
433	6
433	61
433	62
433	286
433	554
433	1511
433	1516
433	1540
434	399
434	469
436	423
439	105
439	399
439	478
439	500
439	713
440	423
440	575
440	868
440	1373
440	1450
442	710
442	1188
442	1260
442	1383
442	1556
444	105
444	152
444	284
444	401
444	432
444	1313
444	1522
446	30
446	104
446	657
446	1386
446	1450
450	61
450	105
450	222
450	432
450	460
450	478
450	554
450	585
450	624
450	837
450	1052
450	1203
450	1291
450	1306
450	1318
450	1362
450	1379
450	1425
450	1435
450	1473
450	1519
452	1456
452	1464
452	1527
453	1124
456	255
456	868
457	1518
458	133
459	233
459	241
459	343
459	344
459	554
459	837
459	1159
459	1252
459	1339
459	1362
459	1422
459	1425
459	1450
459	1457
459	1476
459	1516
459	1540
460	222
460	450
460	1342
462	111
462	301
462	542
462	625
462	1260
462	1272
462	1294
462	1306
462	1313
462	1362
462	1385
463	516
465	154
465	1104
466	430
466	625
466	1270
466	1463
468	386
468	1376
468	1422
468	1464
468	1519
468	1540
469	434
469	476
469	516
471	241
471	338
471	414
471	423
471	738
471	849
471	868
471	1062
471	1291
471	1300
471	1373
471	1422
471	1450
471	1519
473	432
473	477
473	713
473	725
474	284
474	408
474	432
474	500
474	516
474	713
474	1052
474	1062
475	323
475	507
475	551
475	738
475	1062
476	124
476	169
476	190
476	227
476	287
476	312
476	322
476	432
476	469
476	500
476	516
476	535
476	570
476	657
476	695
476	713
476	738
476	837
476	1300
476	1464
476	1510
476	1540
477	40
477	409
477	410
477	432
477	473
477	478
477	518
477	688
478	2
478	56
478	101
478	152
478	196
478	285
478	356
478	369
478	386
478	387
478	390
478	393
478	399
478	400
478	401
478	403
478	411
478	439
478	450
478	477
478	492
478	500
478	516
478	518
478	519
478	520
478	522
478	528
478	544
478	631
478	765
478	829
478	866
478	872
478	883
478	884
478	887
478	1052
478	1066
478	1181
478	1396
478	1428
478	1511
478	1519
481	432
481	1374
481	1396
481	1507
484	412
488	432
489	42
489	146
489	432
489	1290
489	1300
489	1450
491	381
491	1304
491	1386
492	432
492	478
492	500
492	771
492	837
492	1511
493	204
493	535
494	500
494	535
494	544
494	837
494	1492
495	500
496	500
497	284
497	656
497	1159
497	1291
499	40
499	625
499	1259
499	1383
499	1445
500	56
500	117
500	196
500	333
500	390
500	399
500	412
500	432
500	439
500	474
500	476
500	478
500	492
500	494
500	495
500	496
500	501
500	510
500	521
500	535
500	544
500	621
500	706
500	713
500	751
500	763
500	1052
500	1308
500	1418
500	1540
501	2
501	194
501	323
501	415
501	500
501	554
501	788
501	1159
501	1507
501	1514
501	1518
501	1540
501	1548
502	504
503	535
503	797
503	1566
504	502
504	521
506	233
506	1367
507	323
507	432
507	475
507	551
507	575
507	631
507	837
507	1062
507	1367
507	1457
510	432
510	500
512	515
512	521
512	551
512	665
512	1510
512	1570
513	154
513	686
513	868
513	1104
515	512
515	521
516	286
516	294
516	432
516	463
516	469
516	474
516	476
516	478
516	631
516	1374
516	1379
516	1566
517	204
518	477
518	478
518	544
519	478
519	520
519	738
519	1062
519	1269
519	1435
519	1464
519	1514
519	1540
520	84
520	208
520	240
520	257
520	404
520	405
520	478
520	519
520	528
520	551
520	628
520	631
520	666
520	682
520	713
520	795
520	1062
520	1159
520	1245
520	1287
520	1422
520	1464
520	1497
521	70
521	208
521	423
521	500
521	504
521	512
521	515
521	1510
522	194
522	478
522	551
522	1270
522	1306
522	1476
522	1519
522	1540
523	625
525	530
526	527
526	551
527	526
527	551
528	478
528	520
528	551
530	45
530	322
530	362
530	384
530	525
530	837
530	1062
530	1459
534	625
534	710
534	1383
534	1500
535	67
535	152
535	204
535	233
535	272
535	284
535	303
535	322
535	329
535	423
535	476
535	493
535	494
535	500
535	503
535	544
535	837
535	888
535	995
535	1066
535	1252
535	1362
535	1464
535	1492
535	1516
535	1519
535	1549
536	544
536	1510
537	358
537	1396
538	716
538	723
538	837
538	868
538	1066
538	1104
538	1396
538	1517
539	2
539	241
539	432
539	837
540	284
540	1406
540	1450
540	1507
540	1519
540	1540
540	1566
541	544
542	37
542	40
542	244
542	381
542	462
542	1374
542	1502
542	1538
542	1543
542	1566
543	551
543	621
544	2
544	52
544	92
544	222
544	233
544	284
544	401
544	432
544	478
544	494
544	500
544	518
544	535
544	536
544	541
544	545
544	546
544	553
544	555
544	556
544	599
544	688
544	827
544	837
544	1052
544	1300
544	1362
544	1382
544	1450
544	1463
544	1492
544	1510
544	1549
544	1552
544	1566
545	284
545	544
546	143
546	222
546	284
546	304
546	544
546	596
546	699
548	688
549	248
549	587
550	1429
551	475
551	507
551	512
551	520
551	522
551	526
551	527
551	528
551	543
551	561
551	687
551	837
551	1104
553	358
553	432
553	544
553	837
553	1049
553	1519
553	1552
554	18
554	24
554	29
554	34
554	39
554	54
554	57
554	61
554	62
554	119
554	152
554	159
554	169
554	193
554	284
554	294
554	305
554	325
554	384
554	393
554	399
554	403
554	415
554	421
554	423
554	430
554	433
554	450
554	459
554	501
554	585
554	599
554	616
554	625
554	657
554	725
554	733
554	738
554	759
554	788
554	914
554	1049
554	1057
554	1066
554	1181
554	1261
554	1264
554	1284
554	1291
554	1303
554	1318
554	1320
554	1325
554	1337
554	1362
554	1377
554	1383
554	1388
554	1408
554	1430
554	1436
554	1443
554	1450
554	1472
554	1484
554	1492
554	1494
554	1496
554	1514
554	1521
554	1526
554	1539
554	1541
554	1549
554	1566
555	544
555	837
556	222
556	284
556	544
556	1300
556	1450
556	1519
556	1552
557	688
559	560
559	738
559	979
560	559
561	432
561	551
561	984
563	569
563	570
563	592
563	593
563	614
563	688
563	888
563	1540
564	1396
568	150
568	402
568	432
568	1330
568	1383
568	1422
568	1463
568	1488
568	1540
568	1556
568	1566
569	563
570	264
570	415
570	476
570	563
570	575
570	657
570	692
570	701
570	713
570	714
570	786
570	837
570	890
570	893
570	943
570	1049
570	1066
570	1396
570	1492
570	1510
570	1519
570	1566
574	787
574	1243
574	1350
574	1362
575	440
575	507
575	570
576	415
577	578
578	577
581	187
582	1159
582	1566
584	591
585	284
585	415
585	450
585	554
585	732
585	1159
585	1291
585	1362
585	1422
585	1445
585	1450
585	1463
585	1464
585	1511
585	1518
585	1519
585	1540
585	1548
587	248
587	549
588	1396
590	591
590	888
591	284
591	584
591	590
591	592
591	593
591	595
591	599
592	563
592	591
592	593
592	595
592	1540
593	432
593	563
593	591
593	592
593	595
593	1492
595	591
595	592
595	593
595	1510
595	1556
596	187
596	546
599	79
599	133
599	233
599	284
599	423
599	544
599	554
599	591
599	657
599	713
599	910
599	1516
599	1540
600	839
606	621
606	713
606	1396
607	154
607	284
607	666
607	754
607	771
607	873
607	1104
607	1540
608	657
608	837
609	430
609	625
609	1303
609	1304
612	837
612	1492
614	563
614	1362
615	1566
616	194
616	554
616	868
616	1159
616	1284
616	1362
616	1406
616	1450
616	1514
616	1566
617	1265
617	1269
617	1270
617	1500
617	1566
621	166
621	362
621	432
621	500
621	543
621	606
621	713
621	719
621	837
621	854
621	888
621	1062
621	1552
622	888
624	450
624	657
624	771
624	873
624	935
624	1104
624	1396
625	37
625	40
625	111
625	152
625	244
625	274
625	337
625	381
625	422
625	430
625	462
625	466
625	499
625	523
625	534
625	554
625	609
625	634
625	710
625	736
625	893
625	1271
625	1306
625	1334
625	1358
625	1370
625	1374
625	1382
625	1383
625	1386
625	1395
625	1450
625	1488
625	1500
625	1512
625	1523
625	1538
625	1540
625	1556
625	1566
628	520
628	630
628	631
628	1019
628	1524
629	1540
630	628
630	631
631	56
631	98
631	152
631	233
631	284
631	285
631	323
631	478
631	507
631	516
631	520
631	628
631	630
631	679
631	684
631	713
631	733
631	827
631	837
631	1159
631	1284
631	1379
631	1396
631	1422
631	1463
631	1476
631	1507
631	1519
631	1524
631	1566
634	62
634	65
634	113
634	114
634	285
634	350
634	374
634	625
634	1241
634	1243
634	1249
634	1260
634	1294
634	1303
634	1318
634	1339
634	1362
634	1401
634	1418
634	1497
635	656
636	827
636	837
636	1159
636	1463
636	1565
639	657
639	1362
639	1540
640	643
642	837
643	640
643	868
643	1396
651	49
652	29
652	893
652	1248
652	1261
652	1264
652	1284
652	1306
652	1362
652	1508
653	837
656	39
656	54
656	61
656	89
656	118
656	120
656	284
656	497
656	635
656	1252
656	1559
657	86
657	152
657	174
657	255
657	284
657	323
657	374
657	446
657	476
657	554
657	570
657	599
657	608
657	624
657	639
657	660
657	686
657	692
657	706
657	725
657	868
657	884
657	893
657	937
657	995
657	1066
657	1104
657	1159
657	1203
657	1291
657	1362
657	1373
657	1382
657	1406
657	1425
657	1445
657	1450
657	1461
657	1463
657	1507
657	1510
657	1518
657	1519
657	1540
657	1552
657	1565
657	1566
658	1304
660	40
660	657
662	837
665	86
665	197
665	219
665	323
665	432
665	512
665	713
665	738
665	837
665	1049
665	1524
666	284
666	520
666	607
666	786
670	677
670	706
670	718
673	1519
675	750
675	753
675	797
675	1049
675	1062
675	1396
675	1519
675	1540
676	677
676	686
676	908
676	1049
676	1566
677	670
677	676
677	1049
679	631
679	699
679	713
679	837
679	898
679	978
679	1049
679	1066
680	1049
682	112
682	520
682	713
684	631
684	837
684	1049
686	390
686	513
686	657
686	676
686	698
686	725
686	837
686	1104
687	551
687	837
687	890
688	477
688	544
688	548
688	557
688	563
688	699
688	837
688	1450
688	1492
689	708
692	570
692	657
695	476
695	725
695	837
695	1049
695	1396
698	686
699	546
699	679
699	688
699	837
700	713
701	570
701	837
701	1049
701	1362
701	1540
702	1396
706	500
706	657
706	670
706	1362
708	689
710	40
710	206
710	342
710	442
710	534
710	625
710	785
710	792
710	1260
710	1261
710	1264
710	1289
710	1308
710	1318
710	1328
710	1488
710	1492
710	1556
710	1566
711	713
711	730
711	1066
711	1198
713	24
713	101
713	112
713	114
713	150
713	155
713	169
713	195
713	237
713	257
713	284
713	327
713	415
713	416
713	423
713	432
713	439
713	473
713	474
713	476
713	500
713	520
713	570
713	599
713	606
713	621
713	631
713	665
713	679
713	682
713	700
713	711
713	714
713	725
713	734
713	754
713	759
713	771
713	837
713	850
713	888
713	890
713	926
713	931
713	1049
713	1062
713	1066
713	1300
713	1396
713	1444
713	1445
713	1463
713	1464
713	1476
713	1492
713	1497
714	570
714	713
716	538
716	720
716	721
716	722
716	723
716	725
716	730
716	837
716	1565
718	233
718	670
718	837
718	1159
718	1552
719	621
719	837
719	995
719	1124
720	716
720	722
720	723
720	725
720	730
720	837
720	961
720	1396
721	716
721	722
721	723
721	725
721	730
722	716
722	720
722	721
722	723
722	837
722	1049
723	538
723	716
723	720
723	721
723	722
723	725
723	730
724	1049
725	284
725	473
725	554
725	657
725	686
725	695
725	713
725	716
725	720
725	721
725	723
725	771
725	837
725	857
725	868
725	873
725	890
725	1104
725	1159
725	1198
725	1396
725	1435
725	1445
725	1450
725	1507
725	1517
725	1519
725	1524
725	1540
725	1565
726	931
728	737
728	1049
728	1159
729	1367
729	1425
730	711
730	716
730	720
730	721
730	723
730	734
730	741
730	750
730	757
730	910
730	1203
730	1269
730	1396
730	1459
730	1510
730	1565
732	241
732	321
732	585
732	750
732	1036
732	1066
732	1396
732	1567
733	554
733	631
733	738
733	827
733	837
733	1313
733	1379
733	1396
733	1425
733	1445
733	1450
733	1566
734	713
734	730
734	837
734	857
734	1396
734	1540
735	1566
736	625
736	1259
736	1463
737	187
737	284
737	728
737	1159
737	1566
738	92
738	105
738	169
738	222
738	323
738	325
738	333
738	335
738	338
738	340
738	346
738	368
738	377
738	383
738	393
738	413
738	471
738	475
738	476
738	519
738	554
738	559
738	665
738	733
738	780
738	837
738	868
738	1159
738	1252
738	1339
738	1396
738	1445
738	1466
738	1501
738	1511
738	1514
738	1540
738	1556
738	1566
739	828
739	888
739	1396
739	1566
741	730
741	1464
747	1049
749	750
750	675
750	730
750	732
750	749
750	1198
751	500
753	340
753	675
753	1104
753	1396
754	607
754	713
754	786
754	1396
754	1507
754	1514
755	788
755	1494
757	730
759	554
759	713
759	771
759	857
759	1519
759	1552
763	500
763	768
763	976
763	1362
765	288
765	478
765	1252
765	1362
765	1438
765	1519
768	763
768	976
770	111
770	785
770	787
770	1271
770	1289
770	1306
770	1314
770	1432
770	1474
771	61
771	154
771	492
771	607
771	624
771	713
771	725
771	759
771	873
771	1104
771	1492
771	1517
771	1565
780	738
780	837
784	1367
785	40
785	89
785	710
785	770
785	1245
785	1246
785	1284
785	1289
785	1300
785	1319
785	1327
785	1330
785	1338
785	1342
785	1343
785	1362
785	1374
785	1422
785	1497
785	1514
785	1519
786	284
786	570
786	666
786	754
786	795
786	977
786	1066
787	111
787	574
787	770
787	1271
787	1509
787	1556
788	56
788	501
788	554
788	755
788	893
788	910
788	1362
788	1425
788	1514
788	1519
788	1527
789	791
789	1514
791	789
791	1514
792	29
792	152
792	710
792	1261
792	1444
792	1556
794	857
795	520
795	786
795	1396
797	340
797	419
797	503
797	675
812	839
824	1300
827	544
827	631
827	636
827	733
827	837
827	928
827	1492
828	739
828	888
829	478
834	1291
834	1519
834	1566
836	1248
836	1260
836	1566
837	2
837	57
837	62
837	80
837	86
837	98
837	99
837	101
837	154
837	204
837	264
837	268
837	284
837	294
837	321
837	323
837	333
837	335
837	338
837	341
837	343
837	347
837	351
837	356
837	359
837	368
837	369
837	374
837	375
837	383
837	393
837	399
837	401
837	450
837	459
837	476
837	492
837	494
837	507
837	530
837	535
837	538
837	539
837	544
837	551
837	553
837	555
837	570
837	608
837	612
837	621
837	631
837	636
837	642
837	653
837	662
837	665
837	679
837	684
837	686
837	687
837	688
837	695
837	699
837	701
837	713
837	716
837	718
837	719
837	720
837	722
837	725
837	733
837	734
837	738
837	780
837	827
837	857
837	884
837	890
837	910
837	961
837	977
837	992
837	995
837	1066
837	1104
837	1396
837	1428
837	1463
837	1476
837	1492
837	1518
837	1519
837	1524
837	1539
837	1540
837	1552
838	187
838	1122
838	1566
839	179
839	329
839	600
839	812
839	1519
845	2
849	62
849	423
849	471
849	1264
849	1350
850	416
850	713
854	621
854	1049
856	1566
857	725
857	734
857	759
857	794
857	837
857	1396
858	1510
861	1464
864	961
866	478
868	241
868	259
868	262
868	263
868	284
868	321
868	423
868	440
868	456
868	471
868	513
868	538
868	616
868	643
868	657
868	725
868	738
868	1049
868	1066
868	1104
868	1159
868	1254
868	1396
868	1428
868	1516
868	1540
872	478
872	873
872	1566
873	607
873	624
873	725
873	771
873	872
873	932
873	1104
881	885
883	478
884	478
884	657
884	837
885	881
887	478
887	961
887	1037
887	1226
887	1227
887	1519
888	61
888	208
888	222
888	286
888	321
888	405
888	423
888	535
888	563
888	590
888	621
888	622
888	713
888	739
888	828
888	926
888	1112
888	1190
888	1386
888	1396
888	1540
888	1545
889	1519
889	1566
890	374
890	570
890	687
890	713
890	725
890	837
890	1552
893	29
893	52
893	54
893	89
893	198
893	284
893	393
893	432
893	570
893	625
893	652
893	657
893	788
893	1248
893	1260
893	1261
893	1284
893	1303
893	1314
893	1350
893	1362
893	1444
893	1508
893	1514
893	1526
893	1566
895	912
895	977
898	374
898	679
898	1159
898	1510
908	29
908	89
908	105
908	120
908	284
908	294
908	321
908	337
908	676
908	1261
908	1284
908	1303
908	1362
908	1379
908	1396
908	1492
910	599
910	730
910	788
910	837
910	1510
911	1291
911	1566
912	895
913	1291
914	56
914	187
914	554
914	1291
914	1396
914	1464
914	1519
923	932
923	933
923	934
923	935
923	936
923	937
923	943
923	977
923	1104
923	1459
924	961
926	713
926	888
928	827
928	1435
931	114
931	224
931	713
931	726
931	1062
932	873
932	923
932	933
932	934
932	935
932	936
933	923
933	932
933	935
933	1459
934	923
934	932
934	935
934	937
934	1459
935	624
935	923
935	932
935	933
935	934
935	936
935	937
935	977
935	1459
936	923
936	932
936	935
936	1459
937	657
937	923
937	934
937	935
943	570
943	923
943	1203
943	1459
948	961
948	1198
959	960
959	1002
960	959
961	194
961	720
961	837
961	864
961	887
961	924
961	948
961	976
964	1159
969	117
969	204
969	994
969	1131
970	1198
972	973
972	996
973	972
973	996
976	763
976	768
976	961
977	786
977	837
977	895
977	923
977	935
977	1104
978	374
978	679
978	1159
979	559
984	154
984	432
984	561
984	1396
985	284
986	266
986	402
986	1450
991	1566
992	837
994	969
995	535
995	657
995	719
995	837
995	1396
995	1492
995	1540
996	972
996	973
1001	1046
1002	959
1011	1566
1014	1566
1019	628
1019	1492
1020	1261
1020	1264
1028	1566
1034	1435
1036	732
1037	887
1039	1040
1040	1039
1043	1044
1044	1043
1044	1047
1046	1001
1047	1044
1049	2
1049	40
1049	264
1049	553
1049	554
1049	570
1049	665
1049	675
1049	676
1049	677
1049	679
1049	680
1049	684
1049	695
1049	701
1049	713
1049	722
1049	724
1049	728
1049	747
1049	854
1049	868
1049	1104
1049	1396
1049	1435
1049	1450
1049	1540
1049	1565
1052	450
1052	474
1052	478
1052	500
1052	544
1055	336
1057	112
1057	117
1057	554
1057	1358
1057	1422
1057	1450
1057	1476
1057	1518
1058	1062
1062	19
1062	45
1062	76
1062	98
1062	122
1062	155
1062	166
1062	200
1062	204
1062	206
1062	222
1062	235
1062	244
1062	257
1062	263
1062	265
1062	270
1062	278
1062	283
1062	308
1062	315
1062	321
1062	322
1062	323
1062	327
1062	340
1062	395
1062	402
1062	405
1062	414
1062	416
1062	419
1062	423
1062	429
1062	471
1062	474
1062	475
1062	507
1062	519
1062	520
1062	530
1062	621
1062	675
1062	713
1062	931
1062	1058
1062	1203
1062	1287
1062	1358
1062	1428
1062	1444
1062	1459
1062	1468
1062	1524
1062	1527
1062	1540
1062	1566
1066	2
1066	329
1066	478
1066	535
1066	538
1066	554
1066	570
1066	657
1066	679
1066	711
1066	713
1066	732
1066	786
1066	837
1066	868
1066	1396
1066	1519
1066	1552
1066	1566
1076	1260
1076	1261
1076	1303
1076	1386
1077	1524
1078	1122
1079	1566
1084	1566
1089	1122
1102	1566
1104	154
1104	226
1104	423
1104	465
1104	513
1104	538
1104	551
1104	607
1104	624
1104	657
1104	686
1104	725
1104	753
1104	771
1104	837
1104	868
1104	873
1104	923
1104	977
1104	1049
1104	1396
1104	1435
1104	1540
1104	1565
1105	1122
1110	1464
1112	888
1112	1122
1122	838
1122	1078
1122	1089
1122	1105
1122	1112
1124	453
1124	719
1127	1208
1131	969
1136	1147
1145	1208
1147	1136
1147	1148
1148	1147
1150	1152
1150	1162
1152	1150
1158	1161
1159	2
1159	18
1159	24
1159	29
1159	42
1159	54
1159	56
1159	62
1159	74
1159	89
1159	92
1159	101
1159	104
1159	105
1159	106
1159	156
1159	169
1159	192
1159	203
1159	222
1159	225
1159	241
1159	259
1159	284
1159	285
1159	286
1159	291
1159	321
1159	343
1159	358
1159	381
1159	387
1159	388
1159	405
1159	413
1159	459
1159	497
1159	501
1159	520
1159	582
1159	585
1159	616
1159	631
1159	636
1159	657
1159	718
1159	725
1159	728
1159	737
1159	738
1159	868
1159	898
1159	964
1159	978
1159	1181
1159	1189
1159	1222
1159	1227
1159	1245
1159	1260
1159	1264
1159	1284
1159	1289
1159	1300
1159	1315
1159	1358
1159	1362
1159	1365
1159	1374
1159	1377
1159	1388
1159	1401
1159	1422
1159	1430
1159	1436
1159	1441
1159	1443
1159	1445
1159	1450
1159	1464
1159	1488
1159	1492
1159	1496
1159	1500
1159	1508
1159	1514
1159	1516
1159	1518
1159	1519
1159	1526
1159	1533
1159	1538
1159	1539
1159	1544
1159	1566
1161	1158
1162	1150
1181	478
1181	554
1181	1159
1185	1227
1188	442
1188	1248
1188	1260
1188	1264
1189	1159
1190	888
1198	233
1198	711
1198	725
1198	750
1198	948
1198	970
1203	84
1203	114
1203	333
1203	408
1203	450
1203	657
1203	730
1203	943
1203	1062
1203	1217
1203	1269
1203	1396
1203	1459
1203	1510
1203	1540
1208	1127
1208	1145
1217	1203
1217	1241
1217	1261
1217	1269
1217	1270
1217	1303
1217	1336
1217	1362
1217	1540
1222	1159
1222	1291
1222	1464
1226	887
1226	1227
1227	887
1227	1159
1227	1185
1227	1226
1235	1236
1236	1235
1237	1386
1238	1239
1238	1386
1239	1238
1239	1306
1239	1386
1241	634
1241	1217
1241	1243
1241	1260
1241	1261
1241	1303
1241	1344
1241	1362
1241	1497
1243	301
1243	324
1243	574
1243	634
1243	1241
1243	1252
1243	1259
1243	1260
1243	1336
1243	1382
1243	1432
1243	1488
1243	1497
1243	1527
1243	1566
1245	29
1245	33
1245	52
1245	89
1245	105
1245	198
1245	240
1245	284
1245	520
1245	785
1245	1159
1245	1246
1245	1247
1245	1260
1245	1269
1245	1289
1245	1295
1245	1314
1245	1326
1245	1358
1245	1362
1245	1364
1245	1472
1245	1474
1245	1500
1245	1514
1245	1539
1246	29
1246	785
1246	1245
1246	1283
1246	1362
1246	1471
1246	1492
1247	1245
1247	1274
1247	1276
1247	1295
1247	1306
1247	1358
1247	1362
1247	1377
1247	1500
1247	1540
1248	29
1248	652
1248	836
1248	893
1248	1188
1248	1260
1248	1264
1248	1284
1248	1362
1248	1383
1248	1418
1248	1492
1248	1502
1248	1537
1249	634
1249	1260
1250	1496
1251	1252
1251	1261
1251	1272
1251	1290
1251	1303
1251	1425
1251	1445
1252	54
1252	105
1252	284
1252	305
1252	347
1252	350
1252	459
1252	535
1252	656
1252	738
1252	765
1252	1243
1252	1251
1252	1261
1252	1262
1252	1282
1252	1289
1252	1298
1252	1303
1252	1349
1252	1396
1252	1425
1252	1443
1252	1445
1252	1463
1252	1492
1252	1494
1252	1496
1252	1501
1254	36
1254	62
1254	150
1254	868
1254	1257
1254	1260
1254	1284
1254	1308
1254	1354
1254	1357
1254	1360
1254	1369
1254	1377
1254	1496
1254	1518
1254	1541
1255	244
1255	1358
1255	1429
1255	1500
1256	1257
1256	1260
1256	1301
1257	1254
1257	1256
1257	1301
1258	1260
1258	1445
1258	1566
1259	499
1259	736
1259	1243
1259	1260
1259	1350
1259	1362
1259	1432
1259	1527
1259	1556
1260	29
1260	54
1260	152
1260	181
1260	203
1260	284
1260	301
1260	381
1260	430
1260	442
1260	462
1260	634
1260	710
1260	836
1260	893
1260	1076
1260	1159
1260	1188
1260	1241
1260	1243
1260	1245
1260	1248
1260	1249
1260	1254
1260	1256
1260	1258
1260	1259
1260	1278
1260	1284
1260	1290
1260	1291
1260	1292
1260	1293
1260	1294
1260	1303
1260	1313
1260	1318
1260	1326
1260	1339
1260	1342
1260	1358
1260	1362
1260	1364
1260	1371
1260	1374
1260	1375
1260	1385
1260	1386
1260	1415
1260	1420
1260	1422
1260	1425
1260	1443
1260	1444
1260	1450
1260	1463
1260	1465
1260	1488
1260	1496
1260	1497
1260	1500
1260	1502
1260	1510
1260	1514
1260	1519
1260	1527
1260	1540
1260	1541
1260	1566
1260	1571
1261	40
1261	206
1261	329
1261	554
1261	652
1261	710
1261	792
1261	893
1261	908
1261	1020
1261	1076
1261	1217
1261	1241
1261	1251
1261	1252
1261	1264
1261	1271
1261	1303
1261	1332
1261	1345
1261	1346
1261	1362
1261	1379
1261	1423
1261	1425
1261	1429
1261	1445
1261	1472
1261	1500
1261	1519
1261	1540
1261	1562
1261	1563
1261	1566
1262	1252
1262	1284
1262	1303
1264	29
1264	62
1264	284
1264	554
1264	652
1264	710
1264	849
1264	1020
1264	1159
1264	1188
1264	1248
1264	1261
1264	1269
1264	1289
1264	1296
1264	1303
1264	1306
1264	1320
1264	1362
1264	1370
1264	1374
1264	1377
1264	1395
1264	1425
1264	1474
1264	1480
1264	1492
1264	1500
1264	1526
1264	1527
1264	1538
1264	1541
1264	1556
1265	422
1265	617
1265	1500
1265	1556
1269	2
1269	29
1269	284
1269	432
1269	519
1269	617
1269	730
1269	1203
1269	1217
1269	1245
1269	1264
1269	1270
1269	1271
1269	1284
1269	1295
1269	1303
1269	1306
1269	1310
1269	1332
1269	1362
1269	1422
1269	1425
1269	1472
1269	1474
1269	1484
1269	1492
1269	1500
1269	1514
1269	1526
1269	1541
1269	1549
1269	1566
1269	1571
1270	466
1270	522
1270	617
1270	1217
1270	1269
1270	1272
1270	1298
1270	1303
1270	1306
1270	1307
1270	1310
1270	1370
1270	1474
1270	1476
1270	1519
1271	625
1271	770
1271	787
1271	1261
1271	1269
1271	1314
1272	462
1272	1251
1272	1270
1272	1284
1272	1298
1272	1310
1272	1354
1272	1358
1272	1362
1272	1425
1272	1463
1272	1508
1272	1519
1274	1247
1274	1275
1274	1277
1274	1301
1274	1306
1274	1362
1274	1389
1274	1422
1274	1497
1274	1541
1275	1274
1275	1295
1275	1492
1275	1556
1276	222
1276	1247
1276	1303
1276	1425
1276	1444
1276	1463
1276	1472
1276	1541
1277	29
1277	232
1277	337
1277	1274
1277	1278
1277	1280
1277	1281
1277	1284
1277	1303
1277	1307
1277	1357
1277	1389
1277	1541
1278	29
1278	337
1278	1260
1278	1277
1278	1280
1278	1281
1278	1284
1278	1303
1278	1308
1278	1318
1278	1357
1278	1362
1278	1364
1278	1389
1278	1456
1278	1471
1278	1496
1278	1501
1278	1514
1278	1541
1278	1566
1280	29
1280	114
1280	150
1280	152
1280	375
1280	393
1280	1277
1280	1278
1280	1291
1280	1303
1280	1362
1280	1377
1280	1418
1280	1430
1280	1492
1280	1508
1280	1541
1281	1277
1281	1278
1282	1252
1283	1246
1283	1307
1283	1362
1283	1428
1284	29
1284	54
1284	62
1284	89
1284	105
1284	284
1284	301
1284	432
1284	554
1284	616
1284	631
1284	652
1284	785
1284	893
1284	908
1284	1159
1284	1248
1284	1254
1284	1260
1284	1262
1284	1269
1284	1272
1284	1277
1284	1278
1284	1289
1284	1293
1284	1296
1284	1306
1284	1307
1284	1308
1284	1309
1284	1310
1284	1313
1284	1315
1284	1320
1284	1330
1284	1342
1284	1357
1284	1362
1284	1366
1284	1374
1284	1379
1284	1387
1284	1425
1284	1443
1284	1450
1284	1484
1284	1492
1284	1510
1284	1514
1284	1519
1284	1526
1284	1527
1284	1539
1284	1541
1284	1566
1285	1303
1285	1422
1287	520
1287	1062
1287	1357
1288	337
1289	284
1289	381
1289	710
1289	770
1289	785
1289	1159
1289	1245
1289	1252
1289	1264
1289	1284
1289	1295
1289	1306
1289	1307
1289	1313
1289	1342
1289	1358
1289	1362
1289	1370
1289	1372
1289	1373
1289	1395
1289	1425
1289	1472
1289	1500
1289	1519
1289	1556
1289	1566
1290	18
1290	25
1290	42
1290	81
1290	284
1290	489
1290	1251
1290	1260
1290	1303
1290	1351
1290	1362
1290	1425
1290	1445
1290	1492
1290	1541
1291	54
1291	101
1291	105
1291	150
1291	222
1291	233
1291	251
1291	254
1291	392
1291	450
1291	471
1291	497
1291	554
1291	585
1291	657
1291	834
1291	911
1291	913
1291	914
1291	1222
1291	1260
1291	1280
1291	1300
1291	1303
1291	1318
1291	1339
1291	1358
1291	1377
1291	1392
1291	1430
1291	1436
1291	1479
1291	1492
1291	1496
1291	1508
1291	1514
1291	1519
1291	1521
1292	1260
1292	1293
1292	1362
1293	1260
1293	1284
1293	1292
1293	1313
1293	1357
1294	462
1294	634
1294	1260
1294	1302
1294	1422
1294	1492
1295	1245
1295	1247
1295	1269
1295	1275
1295	1289
1295	1306
1295	1422
1295	1463
1295	1492
1295	1500
1296	1264
1296	1284
1296	1362
1296	1496
1297	33
1297	145
1297	337
1297	1326
1297	1497
1298	1252
1298	1270
1298	1272
1298	1300
1298	1307
1298	1310
1298	1313
1298	1422
1298	1485
1298	1488
1298	1492
1298	1500
1299	1300
1300	6
1300	30
1300	33
1300	54
1300	62
1300	64
1300	65
1300	72
1300	101
1300	152
1300	156
1300	284
1300	333
1300	414
1300	471
1300	476
1300	489
1300	544
1300	556
1300	713
1300	785
1300	824
1300	1159
1300	1291
1300	1298
1300	1299
1300	1303
1300	1310
1300	1311
1300	1314
1300	1326
1300	1327
1300	1330
1300	1338
1300	1339
1300	1343
1300	1354
1300	1357
1300	1358
1300	1362
1300	1369
1300	1376
1300	1382
1300	1386
1300	1387
1300	1392
1300	1397
1300	1398
1300	1402
1300	1406
1300	1418
1300	1422
1300	1435
1300	1436
1300	1437
1300	1445
1300	1472
1300	1496
1300	1497
1300	1500
1300	1519
1300	1540
1300	1541
1300	1542
1300	1544
1301	1256
1301	1257
1301	1274
1301	1492
1302	1294
1302	1358
1302	1422
1303	64
1303	68
1303	244
1303	329
1303	337
1303	430
1303	554
1303	609
1303	634
1303	893
1303	908
1303	1076
1303	1217
1303	1241
1303	1251
1303	1252
1303	1260
1303	1261
1303	1262
1303	1264
1303	1269
1303	1270
1303	1276
1303	1277
1303	1278
1303	1280
1303	1285
1303	1290
1303	1291
1303	1300
1303	1304
1303	1306
1303	1312
1303	1313
1303	1314
1303	1319
1303	1324
1303	1326
1303	1327
1303	1336
1303	1350
1303	1358
1303	1362
1303	1370
1303	1371
1303	1374
1303	1387
1303	1389
1303	1416
1303	1425
1303	1443
1303	1450
1303	1463
1303	1472
1303	1488
1303	1500
1303	1502
1303	1511
1303	1519
1303	1526
1303	1527
1303	1540
1303	1543
1303	1556
1303	1566
1304	152
1304	337
1304	491
1304	609
1304	658
1304	1303
1304	1357
1304	1386
1304	1463
1306	29
1306	51
1306	152
1306	198
1306	219
1306	274
1306	321
1306	339
1306	430
1306	450
1306	462
1306	522
1306	625
1306	652
1306	770
1306	1239
1306	1247
1306	1264
1306	1269
1306	1270
1306	1274
1306	1284
1306	1289
1306	1295
1306	1303
1306	1308
1306	1315
1306	1325
1306	1327
1306	1357
1306	1358
1306	1360
1306	1362
1306	1374
1306	1377
1306	1389
1306	1422
1306	1425
1306	1427
1306	1435
1306	1443
1306	1445
1306	1463
1306	1474
1306	1492
1306	1500
1306	1505
1306	1519
1306	1540
1306	1549
1306	1566
1307	1270
1307	1277
1307	1283
1307	1284
1307	1289
1307	1298
1307	1308
1307	1362
1307	1422
1307	1566
1308	29
1308	54
1308	111
1308	198
1308	350
1308	377
1308	432
1308	500
1308	710
1308	1254
1308	1278
1308	1284
1308	1306
1308	1307
1308	1310
1308	1313
1308	1315
1308	1342
1308	1362
1308	1370
1308	1377
1308	1402
1308	1422
1308	1464
1308	1483
1308	1485
1308	1492
1308	1513
1308	1518
1308	1527
1308	1541
1308	1549
1309	1284
1309	1341
1309	1422
1310	29
1310	62
1310	111
1310	1269
1310	1270
1310	1272
1310	1284
1310	1298
1310	1300
1310	1308
1310	1312
1310	1336
1310	1362
1310	1364
1310	1474
1310	1488
1310	1519
1311	1300
1311	1422
1312	1303
1312	1310
1312	1314
1312	1362
1312	1364
1312	1472
1313	113
1313	150
1313	301
1313	308
1313	337
1313	348
1313	444
1313	462
1313	733
1313	1260
1313	1284
1313	1289
1313	1293
1313	1298
1313	1303
1313	1308
1313	1314
1313	1327
1313	1357
1313	1362
1313	1463
1313	1465
1313	1472
1313	1488
1313	1492
1313	1494
1313	1500
1313	1508
1314	111
1314	770
1314	893
1314	1245
1314	1271
1314	1300
1314	1303
1314	1312
1314	1313
1314	1328
1314	1362
1314	1425
1314	1488
1314	1497
1315	377
1315	1159
1315	1284
1315	1306
1315	1308
1315	1358
1315	1383
1315	1465
1315	1519
1316	1370
1317	1319
1317	1362
1318	24
1318	29
1318	105
1318	152
1318	222
1318	232
1318	251
1318	271
1318	284
1318	450
1318	554
1318	634
1318	710
1318	1260
1318	1278
1318	1291
1318	1358
1318	1362
1318	1388
1318	1392
1318	1422
1318	1463
1318	1480
1318	1494
1318	1502
1318	1510
1318	1514
1318	1526
1318	1527
1318	1540
1318	1556
1319	785
1319	1303
1319	1317
1319	1327
1319	1362
1319	1381
1319	1386
1319	1445
1319	1472
1319	1549
1319	1571
1320	152
1320	244
1320	554
1320	1264
1320	1284
1320	1357
1320	1362
1320	1374
1320	1395
1320	1488
1320	1500
1324	62
1324	1303
1325	554
1325	1306
1326	1245
1326	1260
1326	1297
1326	1300
1326	1303
1326	1343
1326	1358
1326	1362
1326	1364
1326	1398
1326	1422
1326	1492
1326	1500
1326	1556
1327	40
1327	54
1327	62
1327	89
1327	206
1327	284
1327	785
1327	1300
1327	1303
1327	1306
1327	1313
1327	1319
1327	1329
1327	1330
1327	1338
1327	1342
1327	1362
1327	1396
1327	1422
1327	1452
1327	1463
1327	1465
1327	1500
1327	1556
1327	1566
1328	710
1328	1314
1329	1327
1329	1330
1330	287
1330	568
1330	785
1330	1284
1330	1300
1330	1327
1330	1329
1330	1338
1330	1342
1330	1362
1330	1415
1330	1422
1330	1463
1332	206
1332	329
1332	1261
1332	1269
1332	1362
1332	1387
1332	1556
1332	1566
1333	1387
1333	1422
1333	1492
1333	1539
1334	244
1334	625
1335	1354
1335	1362
1336	1217
1336	1243
1336	1303
1336	1310
1336	1362
1336	1436
1337	72
1337	554
1337	1360
1337	1362
1337	1422
1337	1483
1337	1519
1337	1542
1337	1566
1337	1574
1338	785
1338	1300
1338	1327
1338	1330
1338	1422
1339	5
1339	29
1339	65
1339	187
1339	222
1339	459
1339	634
1339	738
1339	1260
1339	1291
1339	1300
1339	1343
1339	1349
1339	1358
1339	1422
1339	1435
1339	1488
1339	1496
1339	1500
1339	1519
1339	1541
1339	1566
1341	1309
1341	1342
1341	1362
1342	54
1342	460
1342	785
1342	1260
1342	1284
1342	1289
1342	1308
1342	1327
1342	1330
1342	1341
1342	1343
1342	1362
1342	1422
1342	1492
1343	785
1343	1300
1343	1326
1343	1339
1343	1342
1343	1344
1343	1346
1344	1241
1344	1343
1345	285
1345	1261
1346	1261
1346	1343
1349	1252
1349	1339
1349	1445
1349	1519
1350	40
1350	206
1350	574
1350	849
1350	893
1350	1259
1350	1303
1350	1362
1350	1374
1350	1386
1350	1432
1350	1465
1350	1488
1350	1519
1350	1566
1351	1290
1351	1519
1354	1254
1354	1272
1354	1300
1354	1335
1354	1362
1355	1362
1357	152
1357	244
1357	430
1357	1254
1357	1277
1357	1278
1357	1284
1357	1287
1357	1293
1357	1300
1357	1304
1357	1306
1357	1313
1357	1320
1357	1362
1357	1366
1357	1374
1357	1450
1357	1463
1357	1485
1357	1488
1357	1519
1357	1566
1358	6
1358	29
1358	54
1358	62
1358	105
1358	108
1358	152
1358	203
1358	222
1358	264
1358	284
1358	325
1358	330
1358	375
1358	377
1358	387
1358	625
1358	1057
1358	1062
1358	1159
1358	1245
1358	1247
1358	1255
1358	1260
1358	1272
1358	1289
1358	1291
1358	1300
1358	1302
1358	1303
1358	1306
1358	1315
1358	1318
1358	1326
1358	1339
1358	1362
1358	1363
1358	1377
1358	1388
1358	1396
1358	1401
1358	1422
1358	1429
1358	1436
1358	1443
1358	1471
1358	1472
1358	1497
1358	1500
1358	1505
1358	1506
1358	1508
1358	1514
1358	1519
1358	1534
1358	1538
1358	1541
1358	1566
1358	1573
1360	206
1360	244
1360	1254
1360	1306
1360	1337
1360	1375
1360	1434
1360	1450
1360	1465
1360	1502
1360	1527
1360	1566
1362	24
1362	25
1362	29
1362	40
1362	44
1362	54
1362	61
1362	62
1362	69
1362	78
1362	81
1362	89
1362	105
1362	111
1362	115
1362	152
1362	156
1362	193
1362	219
1362	222
1362	240
1362	244
1362	284
1362	286
1362	294
1362	321
1362	377
1362	393
1362	399
1362	404
1362	430
1362	432
1362	450
1362	459
1362	462
1362	535
1362	544
1362	554
1362	574
1362	585
1362	614
1362	616
1362	634
1362	639
1362	652
1362	657
1362	701
1362	706
1362	763
1362	765
1362	785
1362	788
1362	893
1362	908
1362	1159
1362	1217
1362	1241
1362	1245
1362	1246
1362	1247
1362	1248
1362	1259
1362	1260
1362	1261
1362	1264
1362	1269
1362	1272
1362	1274
1362	1278
1362	1280
1362	1283
1362	1284
1362	1289
1362	1290
1362	1292
1362	1296
1362	1300
1362	1303
1362	1306
1362	1307
1362	1308
1362	1310
1362	1312
1362	1313
1362	1314
1362	1317
1362	1318
1362	1319
1362	1320
1362	1326
1362	1327
1362	1330
1362	1332
1362	1335
1362	1336
1362	1337
1362	1341
1362	1342
1362	1350
1362	1354
1362	1355
1362	1357
1362	1358
1362	1365
1362	1366
1362	1367
1362	1374
1362	1377
1362	1379
1362	1382
1362	1383
1362	1386
1362	1395
1362	1422
1362	1425
1362	1432
1362	1436
1362	1445
1362	1450
1362	1469
1362	1471
1362	1472
1362	1474
1362	1480
1362	1485
1362	1486
1362	1488
1362	1492
1362	1494
1362	1497
1362	1500
1362	1508
1362	1514
1362	1516
1362	1519
1362	1523
1362	1526
1362	1531
1362	1540
1362	1541
1362	1542
1362	1543
1362	1544
1362	1556
1362	1566
1362	1571
1362	1574
1363	1358
1364	1245
1364	1260
1364	1278
1364	1310
1364	1312
1364	1326
1364	1374
1364	1422
1365	1159
1365	1362
1366	1284
1366	1357
1366	1362
1366	1500
1366	1540
1367	69
1367	506
1367	507
1367	729
1367	784
1367	1362
1367	1372
1369	387
1369	1254
1369	1300
1369	1418
1369	1422
1369	1451
1369	1492
1369	1505
1370	284
1370	430
1370	625
1370	1264
1370	1270
1370	1289
1370	1303
1370	1308
1370	1316
1370	1422
1370	1500
1371	1260
1371	1303
1372	29
1372	1289
1372	1367
1372	1449
1372	1486
1373	29
1373	104
1373	129
1373	150
1373	423
1373	440
1373	471
1373	657
1373	1289
1373	1472
1374	29
1374	37
1374	48
1374	62
1374	105
1374	108
1374	114
1374	157
1374	204
1374	219
1374	271
1374	284
1374	294
1374	305
1374	321
1374	377
1374	388
1374	399
1374	403
1374	420
1374	430
1374	432
1374	481
1374	516
1374	542
1374	625
1374	785
1374	1159
1374	1260
1374	1264
1374	1284
1374	1303
1374	1306
1374	1320
1374	1350
1374	1357
1374	1362
1374	1364
1374	1422
1374	1423
1374	1443
1374	1445
1374	1450
1374	1463
1374	1484
1374	1492
1374	1514
1374	1527
1374	1538
1374	1541
1374	1556
1374	1566
1375	1260
1375	1360
1375	1385
1375	1436
1375	1456
1376	118
1376	119
1376	222
1376	284
1376	468
1376	1300
1376	1445
1376	1492
1376	1541
1376	1559
1377	152
1377	554
1377	1159
1377	1247
1377	1254
1377	1264
1377	1280
1377	1291
1377	1306
1377	1308
1377	1358
1377	1362
1377	1425
1377	1450
1377	1467
1377	1500
1377	1511
1377	1527
1377	1540
1377	1566
1379	29
1379	62
1379	89
1379	284
1379	450
1379	516
1379	631
1379	733
1379	908
1379	1261
1379	1284
1379	1362
1379	1480
1379	1488
1379	1492
1381	1319
1381	1519
1382	24
1382	62
1382	89
1382	114
1382	333
1382	544
1382	625
1382	657
1382	1243
1382	1300
1382	1362
1383	29
1383	114
1383	150
1383	231
1383	240
1383	442
1383	499
1383	534
1383	554
1383	568
1383	625
1383	1248
1383	1315
1383	1362
1383	1445
1383	1465
1383	1492
1383	1495
1385	381
1385	422
1385	462
1385	1260
1385	1375
1385	1465
1385	1515
1385	1566
1386	29
1386	37
1386	62
1386	284
1386	446
1386	491
1386	625
1386	888
1386	1076
1386	1237
1386	1238
1386	1239
1386	1260
1386	1300
1386	1304
1386	1319
1386	1350
1386	1362
1386	1445
1387	1284
1387	1300
1387	1303
1387	1332
1387	1333
1387	1422
1388	554
1388	1159
1388	1318
1388	1358
1388	1422
1388	1472
1388	1514
1388	1566
1389	1274
1389	1277
1389	1278
1389	1303
1389	1306
1389	1422
1389	1425
1389	1474
1389	1497
1389	1510
1389	1540
1392	29
1392	105
1392	152
1392	1291
1392	1300
1392	1318
1392	1422
1392	1444
1392	1463
1392	1492
1392	1514
1392	1516
1392	1519
1392	1526
1392	1541
1394	102
1394	112
1394	114
1394	1444
1395	62
1395	115
1395	415
1395	625
1395	1264
1395	1289
1395	1320
1395	1362
1395	1443
1395	1492
1395	1514
1395	1526
1396	105
1396	106
1396	187
1396	264
1396	268
1396	272
1396	279
1396	322
1396	323
1396	329
1396	432
1396	478
1396	481
1396	537
1396	538
1396	564
1396	570
1396	588
1396	606
1396	624
1396	631
1396	643
1396	675
1396	695
1396	702
1396	713
1396	720
1396	725
1396	730
1396	732
1396	733
1396	734
1396	738
1396	739
1396	753
1396	754
1396	795
1396	837
1396	857
1396	868
1396	888
1396	908
1396	914
1396	984
1396	995
1396	1049
1396	1066
1396	1104
1396	1203
1396	1252
1396	1327
1396	1358
1396	1445
1396	1450
1396	1492
1396	1507
1396	1540
1396	1565
1396	1566
1397	104
1397	241
1397	1300
1397	1422
1397	1430
1397	1444
1398	1300
1398	1326
1398	1422
1398	1450
1398	1494
1398	1500
1399	1402
1401	24
1401	29
1401	62
1401	114
1401	634
1401	1159
1401	1358
1401	1404
1401	1443
1401	1451
1401	1505
1401	1541
1402	66
1402	89
1402	333
1402	1300
1402	1308
1402	1399
1402	1430
1402	1541
1403	1422
1404	1401
1404	1451
1405	1566
1406	29
1406	193
1406	284
1406	286
1406	305
1406	540
1406	616
1406	657
1406	1300
1406	1422
1406	1496
1407	1418
1407	1422
1408	554
1409	1422
1410	1422
1413	1422
1414	1422
1414	1484
1415	1260
1415	1330
1415	1422
1415	1496
1415	1541
1416	1303
1418	24
1418	39
1418	54
1418	62
1418	88
1418	89
1418	112
1418	284
1418	350
1418	500
1418	634
1418	1248
1418	1280
1418	1300
1418	1369
1418	1407
1418	1422
1418	1435
1418	1437
1418	1476
1418	1478
1418	1519
1419	187
1420	1260
1422	5
1422	24
1422	25
1422	29
1422	42
1422	48
1422	52
1422	62
1422	112
1422	114
1422	120
1422	150
1422	156
1422	197
1422	198
1422	204
1422	222
1422	240
1422	271
1422	284
1422	286
1422	305
1422	321
1422	333
1422	339
1422	377
1422	387
1422	399
1422	404
1422	432
1422	459
1422	468
1422	471
1422	520
1422	568
1422	585
1422	631
1422	785
1422	1057
1422	1159
1422	1260
1422	1269
1422	1274
1422	1285
1422	1294
1422	1295
1422	1298
1422	1300
1422	1302
1422	1306
1422	1307
1422	1308
1422	1309
1422	1311
1422	1318
1422	1326
1422	1327
1422	1330
1422	1333
1422	1337
1422	1338
1422	1339
1422	1342
1422	1358
1422	1362
1422	1364
1422	1369
1422	1370
1422	1374
1422	1387
1422	1388
1422	1389
1422	1392
1422	1397
1422	1398
1422	1403
1422	1406
1422	1407
1422	1409
1422	1410
1422	1413
1422	1414
1422	1415
1422	1418
1422	1425
1422	1427
1422	1428
1422	1429
1422	1430
1422	1435
1422	1436
1422	1437
1422	1441
1422	1443
1422	1444
1422	1445
1422	1450
1422	1451
1422	1458
1422	1461
1422	1463
1422	1464
1422	1469
1422	1470
1422	1472
1422	1473
1422	1475
1422	1476
1422	1478
1422	1479
1422	1480
1422	1482
1422	1483
1422	1485
1422	1487
1422	1492
1422	1494
1422	1496
1422	1497
1422	1501
1422	1505
1422	1506
1422	1507
1422	1508
1422	1511
1422	1514
1422	1516
1422	1518
1422	1519
1422	1537
1422	1539
1422	1540
1422	1541
1422	1548
1422	1549
1422	1556
1422	1559
1422	1560
1422	1564
1422	1565
1422	1566
1422	1567
1422	1569
1422	1571
1423	1261
1423	1374
1423	1488
1423	1566
1425	54
1425	87
1425	157
1425	222
1425	284
1425	347
1425	374
1425	450
1425	459
1425	657
1425	729
1425	733
1425	788
1425	1251
1425	1252
1425	1260
1425	1261
1425	1264
1425	1269
1425	1272
1425	1276
1425	1284
1425	1289
1425	1290
1425	1303
1425	1306
1425	1314
1425	1362
1425	1377
1425	1389
1425	1422
1425	1443
1425	1445
1425	1472
1425	1492
1425	1501
1425	1541
1427	1306
1427	1422
1427	1429
1428	52
1428	150
1428	478
1428	837
1428	868
1428	1062
1428	1283
1428	1422
1428	1488
1428	1556
1429	24
1429	29
1429	54
1429	89
1429	244
1429	247
1429	550
1429	1255
1429	1261
1429	1358
1429	1422
1429	1427
1429	1443
1429	1445
1429	1500
1429	1538
1430	554
1430	1159
1430	1280
1430	1291
1430	1397
1430	1402
1430	1422
1430	1431
1430	1450
1430	1492
1430	1519
1430	1566
1431	1430
1432	29
1432	37
1432	114
1432	770
1432	1243
1432	1259
1432	1350
1432	1362
1432	1445
1432	1472
1432	1566
1434	1360
1435	5
1435	70
1435	150
1435	153
1435	162
1435	233
1435	241
1435	333
1435	387
1435	423
1435	450
1435	519
1435	725
1435	928
1435	1034
1435	1049
1435	1104
1435	1300
1435	1306
1435	1339
1435	1418
1435	1422
1435	1437
1435	1442
1435	1443
1435	1444
1435	1451
1435	1452
1435	1464
1435	1492
1435	1514
1435	1517
1435	1540
1436	554
1436	1159
1436	1291
1436	1300
1436	1336
1436	1358
1436	1362
1436	1375
1436	1422
1436	1443
1436	1444
1436	1445
1436	1447
1436	1472
1436	1519
1436	1523
1437	1300
1437	1418
1437	1422
1437	1435
1437	1443
1438	765
1441	2
1441	8
1441	29
1441	54
1441	69
1441	76
1441	1159
1441	1422
1441	1444
1441	1449
1441	1469
1441	1479
1441	1483
1441	1484
1441	1496
1441	1508
1441	1518
1441	1519
1441	1522
1441	1541
1441	1556
1441	1569
1442	1435
1443	554
1443	1159
1443	1252
1443	1260
1443	1284
1443	1303
1443	1306
1443	1358
1443	1374
1443	1395
1443	1401
1443	1422
1443	1425
1443	1429
1443	1435
1443	1436
1443	1437
1443	1445
1443	1450
1443	1451
1443	1465
1443	1500
1443	1502
1443	1519
1443	1527
1443	1540
1443	1556
1443	1566
1444	29
1444	114
1444	150
1444	206
1444	713
1444	792
1444	893
1444	1062
1444	1260
1444	1276
1444	1392
1444	1394
1444	1397
1444	1422
1444	1435
1444	1436
1444	1441
1444	1445
1444	1446
1444	1449
1444	1450
1444	1472
1444	1519
1444	1540
1445	13
1445	24
1445	54
1445	62
1445	222
1445	244
1445	284
1445	329
1445	364
1445	499
1445	585
1445	657
1445	713
1445	725
1445	733
1445	738
1445	1159
1445	1251
1445	1252
1445	1258
1445	1261
1445	1290
1445	1300
1445	1306
1445	1319
1445	1349
1445	1362
1445	1374
1445	1376
1445	1383
1445	1386
1445	1396
1445	1422
1445	1425
1445	1429
1445	1432
1445	1436
1445	1443
1445	1444
1445	1450
1445	1464
1445	1467
1445	1492
1445	1501
1445	1514
1445	1519
1445	1523
1445	1541
1445	1557
1446	1444
1446	1447
1447	1436
1447	1446
1449	329
1449	1372
1449	1441
1449	1444
1449	1488
1449	1502
1450	5
1450	29
1450	51
1450	52
1450	61
1450	62
1450	65
1450	91
1450	105
1450	114
1450	118
1450	150
1450	152
1450	164
1450	169
1450	284
1450	287
1450	377
1450	392
1450	393
1450	415
1450	432
1450	440
1450	446
1450	459
1450	471
1450	489
1450	540
1450	544
1450	554
1450	556
1450	585
1450	616
1450	625
1450	657
1450	688
1450	725
1450	733
1450	986
1450	1049
1450	1057
1450	1159
1450	1260
1450	1284
1450	1303
1450	1357
1450	1360
1450	1362
1450	1374
1450	1377
1450	1396
1450	1398
1450	1422
1450	1430
1450	1443
1450	1444
1450	1445
1450	1464
1450	1469
1450	1472
1450	1494
1450	1514
1450	1519
1450	1521
1450	1523
1450	1566
1450	1571
1451	1369
1451	1401
1451	1404
1451	1422
1451	1435
1451	1443
1452	1327
1452	1435
1456	29
1456	62
1456	112
1456	114
1456	222
1456	321
1456	452
1456	1278
1456	1375
1456	1464
1456	1466
1456	1467
1456	1501
1456	1505
1456	1514
1457	459
1457	507
1458	1422
1459	99
1459	284
1459	333
1459	408
1459	530
1459	730
1459	923
1459	933
1459	934
1459	935
1459	936
1459	943
1459	1062
1459	1203
1459	1516
1461	29
1461	119
1461	399
1461	657
1461	1422
1461	1463
1461	1472
1463	7
1463	29
1463	62
1463	150
1463	152
1463	157
1463	219
1463	321
1463	399
1463	430
1463	432
1463	466
1463	544
1463	568
1463	585
1463	631
1463	636
1463	657
1463	713
1463	736
1463	837
1463	1252
1463	1260
1463	1272
1463	1276
1463	1295
1463	1303
1463	1304
1463	1306
1463	1313
1463	1318
1463	1327
1463	1330
1463	1357
1463	1374
1463	1392
1463	1422
1463	1461
1463	1469
1463	1472
1463	1476
1463	1479
1463	1484
1463	1492
1463	1508
1463	1511
1463	1519
1463	1557
1464	29
1464	56
1464	61
1464	62
1464	70
1464	78
1464	84
1464	114
1464	135
1464	190
1464	225
1464	315
1464	333
1464	404
1464	452
1464	468
1464	476
1464	519
1464	520
1464	535
1464	585
1464	713
1464	741
1464	861
1464	914
1464	1110
1464	1159
1464	1222
1464	1308
1464	1422
1464	1435
1464	1445
1464	1450
1464	1456
1464	1465
1464	1466
1464	1467
1464	1468
1464	1479
1464	1501
1464	1505
1464	1514
1464	1540
1464	1544
1464	1571
1465	430
1465	1260
1465	1313
1465	1315
1465	1327
1465	1350
1465	1360
1465	1383
1465	1385
1465	1443
1465	1464
1465	1472
1465	1540
1466	29
1466	62
1466	738
1466	1456
1466	1464
1466	1467
1466	1468
1466	1479
1466	1501
1466	1540
1467	17
1467	1377
1467	1445
1467	1456
1467	1464
1467	1466
1467	1479
1467	1501
1467	1544
1468	29
1468	62
1468	114
1468	1062
1468	1464
1468	1466
1468	1540
1469	24
1469	1362
1469	1422
1469	1441
1469	1450
1469	1463
1469	1472
1469	1484
1469	1519
1469	1526
1470	1422
1470	1514
1471	1246
1471	1278
1471	1358
1471	1362
1471	1497
1471	1500
1471	1540
1472	111
1472	554
1472	1245
1472	1261
1472	1269
1472	1276
1472	1289
1472	1300
1472	1303
1472	1312
1472	1313
1472	1319
1472	1358
1472	1362
1472	1373
1472	1388
1472	1422
1472	1425
1472	1432
1472	1436
1472	1444
1472	1450
1472	1461
1472	1463
1472	1465
1472	1469
1472	1473
1472	1474
1472	1475
1472	1476
1472	1478
1472	1480
1472	1482
1472	1484
1472	1488
1472	1500
1472	1511
1472	1514
1472	1519
1472	1526
1472	1527
1472	1556
1473	24
1473	114
1473	450
1473	1422
1473	1472
1473	1501
1473	1519
1474	244
1474	329
1474	770
1474	1245
1474	1264
1474	1269
1474	1270
1474	1306
1474	1310
1474	1362
1474	1389
1474	1472
1474	1519
1475	1422
1475	1472
1476	38
1476	57
1476	98
1476	105
1476	112
1476	188
1476	203
1476	233
1476	284
1476	459
1476	522
1476	631
1476	713
1476	837
1476	1057
1476	1270
1476	1418
1476	1422
1476	1463
1476	1472
1476	1484
1476	1511
1476	1518
1476	1519
1476	1524
1476	1540
1476	1571
1478	1418
1478	1422
1478	1472
1478	1501
1479	29
1479	1291
1479	1422
1479	1441
1479	1463
1479	1464
1479	1466
1479	1467
1479	1519
1479	1540
1479	1544
1480	152
1480	1264
1480	1318
1480	1362
1480	1379
1480	1422
1480	1472
1480	1514
1482	1422
1482	1472
1483	29
1483	1308
1483	1337
1483	1422
1483	1441
1483	1486
1483	1488
1483	1508
1483	1516
1483	1518
1483	1519
1483	1522
1483	1526
1483	1541
1483	1569
1484	40
1484	554
1484	1269
1484	1284
1484	1374
1484	1414
1484	1441
1484	1463
1484	1469
1484	1472
1484	1476
1485	62
1485	286
1485	1298
1485	1308
1485	1357
1485	1362
1485	1422
1485	1492
1486	1362
1486	1372
1486	1483
1487	1422
1487	1516
1487	1569
1488	29
1488	30
1488	62
1488	81
1488	114
1488	135
1488	381
1488	568
1488	625
1488	710
1488	1159
1488	1243
1488	1260
1488	1298
1488	1303
1488	1310
1488	1313
1488	1314
1488	1320
1488	1339
1488	1350
1488	1357
1488	1362
1488	1379
1488	1423
1488	1428
1488	1449
1488	1472
1488	1483
1488	1492
1488	1496
1488	1500
1488	1526
1488	1538
1488	1539
1488	1544
1488	1566
1490	1531
1492	29
1492	30
1492	40
1492	41
1492	48
1492	52
1492	54
1492	74
1492	101
1492	111
1492	154
1492	222
1492	284
1492	305
1492	333
1492	424
1492	494
1492	535
1492	544
1492	554
1492	570
1492	593
1492	612
1492	688
1492	710
1492	713
1492	771
1492	827
1492	837
1492	908
1492	995
1492	1019
1492	1159
1492	1246
1492	1248
1492	1252
1492	1264
1492	1269
1492	1275
1492	1280
1492	1284
1492	1290
1492	1291
1492	1294
1492	1295
1492	1298
1492	1301
1492	1306
1492	1308
1492	1313
1492	1326
1492	1333
1492	1342
1492	1362
1492	1369
1492	1374
1492	1376
1492	1379
1492	1383
1492	1392
1492	1395
1492	1396
1492	1422
1492	1425
1492	1430
1492	1435
1492	1445
1492	1463
1492	1485
1492	1488
1492	1497
1492	1519
1492	1526
1492	1537
1492	1540
1492	1541
1492	1556
1494	6
1494	29
1494	204
1494	339
1494	554
1494	755
1494	1252
1494	1313
1494	1318
1494	1362
1494	1398
1494	1422
1494	1450
1494	1496
1494	1507
1494	1516
1494	1519
1494	1541
1494	1544
1495	231
1495	1383
1495	1523
1496	29
1496	52
1496	62
1496	197
1496	554
1496	1159
1496	1250
1496	1252
1496	1254
1496	1260
1496	1278
1496	1291
1496	1296
1496	1300
1496	1339
1496	1406
1496	1415
1496	1422
1496	1441
1496	1488
1496	1494
1496	1508
1496	1511
1496	1522
1496	1541
1496	1559
1496	1564
1497	6
1497	29
1497	240
1497	257
1497	284
1497	393
1497	432
1497	520
1497	634
1497	713
1497	785
1497	1241
1497	1243
1497	1260
1497	1274
1497	1297
1497	1300
1497	1314
1497	1358
1497	1362
1497	1389
1497	1422
1497	1471
1497	1492
1497	1510
1497	1514
1497	1541
1497	1544
1498	36
1498	120
1498	187
1498	421
1498	423
1498	432
1500	25
1500	29
1500	34
1500	54
1500	62
1500	64
1500	105
1500	106
1500	199
1500	222
1500	244
1500	347
1500	348
1500	430
1500	534
1500	617
1500	625
1500	1159
1500	1245
1500	1247
1500	1255
1500	1260
1500	1261
1500	1264
1500	1265
1500	1269
1500	1289
1500	1295
1500	1298
1500	1300
1500	1303
1500	1306
1500	1313
1500	1320
1500	1326
1500	1327
1500	1339
1500	1358
1500	1362
1500	1366
1500	1370
1500	1377
1500	1398
1500	1429
1500	1443
1500	1471
1500	1472
1500	1488
1500	1538
1500	1540
1500	1556
1500	1566
1500	1571
1500	1572
1501	13
1501	114
1501	208
1501	404
1501	408
1501	738
1501	1252
1501	1278
1501	1422
1501	1425
1501	1445
1501	1456
1501	1464
1501	1466
1501	1467
1501	1473
1501	1478
1501	1510
1502	29
1502	403
1502	430
1502	542
1502	1248
1502	1260
1502	1303
1502	1318
1502	1360
1502	1443
1502	1449
1502	1514
1504	1508
1505	1306
1505	1358
1505	1369
1505	1401
1505	1422
1505	1456
1505	1464
1505	1544
1505	1566
1506	1358
1506	1422
1507	61
1507	106
1507	204
1507	284
1507	432
1507	481
1507	501
1507	540
1507	631
1507	657
1507	725
1507	754
1507	1396
1507	1422
1507	1494
1507	1548
1508	29
1508	652
1508	893
1508	1159
1508	1272
1508	1280
1508	1291
1508	1313
1508	1358
1508	1362
1508	1422
1508	1441
1508	1463
1508	1483
1508	1496
1508	1504
1508	1514
1509	787
1509	1556
1510	114
1510	208
1510	333
1510	374
1510	384
1510	432
1510	476
1510	512
1510	521
1510	536
1510	544
1510	570
1510	595
1510	657
1510	730
1510	858
1510	898
1510	910
1510	1203
1510	1260
1510	1284
1510	1318
1510	1389
1510	1497
1510	1501
1510	1527
1511	41
1511	57
1511	61
1511	105
1511	130
1511	154
1511	204
1511	271
1511	333
1511	392
1511	415
1511	433
1511	478
1511	492
1511	585
1511	738
1511	1303
1511	1377
1511	1422
1511	1463
1511	1472
1511	1476
1511	1496
1511	1526
1511	1540
1511	1549
1511	1557
1511	1565
1511	1571
1512	14
1512	625
1513	29
1513	1308
1513	1549
1513	1571
1514	6
1514	24
1514	29
1514	52
1514	54
1514	88
1514	152
1514	225
1514	284
1514	302
1514	307
1514	344
1514	387
1514	415
1514	501
1514	519
1514	554
1514	616
1514	738
1514	754
1514	785
1514	788
1514	789
1514	791
1514	893
1514	1159
1514	1245
1514	1260
1514	1269
1514	1278
1514	1284
1514	1291
1514	1318
1514	1358
1514	1362
1514	1374
1514	1388
1514	1392
1514	1395
1514	1422
1514	1435
1514	1445
1514	1450
1514	1456
1514	1464
1514	1470
1514	1472
1514	1480
1514	1497
1514	1502
1514	1508
1514	1516
1514	1519
1514	1526
1514	1527
1514	1539
1514	1540
1514	1541
1514	1566
1514	1567
1514	1571
1515	206
1515	1385
1516	6
1516	29
1516	52
1516	57
1516	58
1516	61
1516	62
1516	67
1516	68
1516	69
1516	70
1516	74
1516	78
1516	81
1516	84
1516	89
1516	94
1516	105
1516	115
1516	152
1516	169
1516	203
1516	224
1516	241
1516	256
1516	264
1516	266
1516	284
1516	286
1516	433
1516	459
1516	535
1516	599
1516	868
1516	1159
1516	1362
1516	1392
1516	1422
1516	1459
1516	1483
1516	1487
1516	1494
1516	1514
1516	1539
1516	1541
1516	1552
1516	1569
1516	1575
1517	538
1517	725
1517	771
1517	1435
1518	2
1518	29
1518	89
1518	204
1518	264
1518	325
1518	333
1518	407
1518	457
1518	501
1518	585
1518	657
1518	837
1518	1057
1518	1159
1518	1254
1518	1308
1518	1422
1518	1441
1518	1476
1518	1483
1518	1519
1518	1522
1518	1526
1519	8
1519	24
1519	25
1519	29
1519	30
1519	34
1519	39
1519	51
1519	52
1519	54
1519	62
1519	65
1519	76
1519	119
1519	150
1519	157
1519	222
1519	259
1519	264
1519	271
1519	284
1519	294
1519	321
1519	325
1519	364
1519	377
1519	383
1519	415
1519	432
1519	450
1519	468
1519	471
1519	478
1519	522
1519	535
1519	540
1519	553
1519	556
1519	570
1519	585
1519	631
1519	657
1519	673
1519	675
1519	725
1519	759
1519	765
1519	785
1519	788
1519	834
1519	837
1519	839
1519	887
1519	889
1519	914
1519	1066
1519	1159
1519	1260
1519	1261
1519	1270
1519	1272
1519	1284
1519	1289
1519	1291
1519	1300
1519	1303
1519	1306
1519	1310
1519	1315
1519	1337
1519	1339
1519	1349
1519	1350
1519	1351
1519	1357
1519	1358
1519	1362
1519	1381
1519	1392
1519	1418
1519	1422
1519	1430
1519	1436
1519	1441
1519	1443
1519	1444
1519	1445
1519	1450
1519	1463
1519	1469
1519	1472
1519	1473
1519	1474
1519	1476
1519	1479
1519	1483
1519	1492
1519	1494
1519	1514
1519	1518
1519	1521
1519	1522
1519	1526
1519	1541
1519	1549
1519	1554
1521	554
1521	1291
1521	1450
1521	1519
1522	29
1522	444
1522	1441
1522	1483
1522	1496
1522	1518
1522	1519
1522	1526
1523	231
1523	625
1523	1362
1523	1436
1523	1445
1523	1450
1523	1495
1524	89
1524	233
1524	382
1524	423
1524	628
1524	631
1524	665
1524	725
1524	837
1524	1062
1524	1077
1524	1476
1525	1526
1526	29
1526	89
1526	105
1526	284
1526	554
1526	893
1526	1159
1526	1264
1526	1269
1526	1284
1526	1303
1526	1318
1526	1362
1526	1392
1526	1395
1526	1469
1526	1472
1526	1483
1526	1488
1526	1492
1526	1511
1526	1514
1526	1518
1526	1519
1526	1522
1526	1525
1526	1539
1526	1540
1526	1566
1527	29
1527	36
1527	48
1527	52
1527	62
1527	78
1527	114
1527	150
1527	198
1527	204
1527	222
1527	284
1527	286
1527	321
1527	366
1527	381
1527	403
1527	404
1527	452
1527	788
1527	1062
1527	1243
1527	1259
1527	1260
1527	1264
1527	1284
1527	1303
1527	1308
1527	1318
1527	1360
1527	1374
1527	1377
1527	1443
1527	1472
1527	1510
1527	1514
1528	285
1529	1540
1531	5
1531	24
1531	40
1531	108
1531	198
1531	271
1531	381
1531	1362
1531	1490
1533	1159
1534	1358
1537	1248
1537	1422
1537	1492
1538	37
1538	152
1538	244
1538	247
1538	301
1538	309
1538	336
1538	430
1538	542
1538	625
1538	1159
1538	1264
1538	1358
1538	1374
1538	1429
1538	1488
1538	1500
1538	1560
1538	1566
1539	18
1539	29
1539	52
1539	72
1539	105
1539	233
1539	284
1539	354
1539	423
1539	554
1539	837
1539	1159
1539	1245
1539	1284
1539	1333
1539	1422
1539	1488
1539	1514
1539	1516
1539	1526
1539	1541
1540	2
1540	24
1540	29
1540	48
1540	54
1540	62
1540	84
1540	89
1540	105
1540	112
1540	114
1540	145
1540	156
1540	222
1540	233
1540	241
1540	284
1540	333
1540	375
1540	399
1540	403
1540	430
1540	432
1540	433
1540	459
1540	468
1540	476
1540	500
1540	501
1540	519
1540	522
1540	540
1540	563
1540	568
1540	585
1540	592
1540	599
1540	607
1540	625
1540	629
1540	639
1540	657
1540	675
1540	701
1540	725
1540	734
1540	738
1540	837
1540	868
1540	888
1540	995
1540	1049
1540	1062
1540	1104
1540	1203
1540	1217
1540	1247
1540	1260
1540	1261
1540	1300
1540	1303
1540	1306
1540	1318
1540	1362
1540	1366
1540	1377
1540	1389
1540	1396
1540	1422
1540	1435
1540	1443
1540	1444
1540	1464
1540	1465
1540	1466
1540	1468
1540	1471
1540	1476
1540	1479
1540	1492
1540	1500
1540	1511
1540	1514
1540	1526
1540	1529
1540	1549
1540	1556
1540	1557
1540	1559
1540	1565
1540	1571
1541	29
1541	54
1541	152
1541	187
1541	554
1541	1254
1541	1260
1541	1264
1541	1269
1541	1274
1541	1276
1541	1277
1541	1278
1541	1280
1541	1284
1541	1290
1541	1300
1541	1308
1541	1339
1541	1358
1541	1362
1541	1374
1541	1376
1541	1392
1541	1401
1541	1402
1541	1415
1541	1422
1541	1425
1541	1441
1541	1445
1541	1483
1541	1492
1541	1494
1541	1496
1541	1497
1541	1514
1541	1516
1541	1519
1541	1539
1541	1542
1541	1566
1541	1569
1542	1300
1542	1337
1542	1362
1542	1541
1543	4
1543	381
1543	542
1543	1303
1543	1362
1544	1159
1544	1300
1544	1362
1544	1464
1544	1467
1544	1479
1544	1488
1544	1494
1544	1497
1544	1505
1545	888
1548	501
1548	585
1548	1422
1548	1507
1549	29
1549	62
1549	79
1549	105
1549	150
1549	169
1549	233
1549	284
1549	333
1549	379
1549	399
1549	535
1549	544
1549	554
1549	1269
1549	1306
1549	1308
1549	1319
1549	1422
1549	1511
1549	1513
1549	1519
1549	1540
1549	1551
1549	1557
1549	1565
1549	1571
1551	284
1551	333
1551	1549
1552	67
1552	118
1552	169
1552	198
1552	233
1552	264
1552	284
1552	544
1552	553
1552	556
1552	621
1552	657
1552	718
1552	759
1552	837
1552	890
1552	1066
1552	1516
1554	1519
1556	89
1556	92
1556	244
1556	284
1556	430
1556	442
1556	568
1556	595
1556	625
1556	710
1556	738
1556	787
1556	792
1556	1259
1556	1264
1556	1265
1556	1275
1556	1289
1556	1303
1556	1318
1556	1326
1556	1327
1556	1332
1556	1362
1556	1374
1556	1422
1556	1428
1556	1441
1556	1443
1556	1472
1556	1492
1556	1500
1556	1509
1556	1540
1556	1566
1557	1445
1557	1463
1557	1511
1557	1540
1557	1549
1557	1565
1559	30
1559	41
1559	112
1559	120
1559	150
1559	284
1559	656
1559	1376
1559	1422
1559	1496
1559	1540
1560	337
1560	1422
1560	1538
1560	1566
1562	89
1562	1261
1563	1261
1564	150
1564	1422
1564	1496
1565	39
1565	154
1565	392
1565	636
1565	657
1565	716
1565	725
1565	730
1565	771
1565	1049
1565	1104
1565	1396
1565	1422
1565	1511
1565	1540
1565	1549
1565	1557
1565	1571
1566	24
1566	25
1566	29
1566	37
1566	51
1566	54
1566	65
1566	81
1566	85
1566	89
1566	105
1566	114
1566	203
1566	208
1566	210
1566	219
1566	222
1566	240
1566	244
1566	271
1566	284
1566	286
1566	289
1566	291
1566	301
1566	305
1566	377
1566	393
1566	420
1566	430
1566	432
1566	503
1566	516
1566	540
1566	542
1566	544
1566	554
1566	568
1566	570
1566	582
1566	615
1566	616
1566	617
1566	625
1566	631
1566	657
1566	676
1566	710
1566	733
1566	735
1566	737
1566	738
1566	739
1566	834
1566	836
1566	838
1566	856
1566	872
1566	889
1566	893
1566	911
1566	991
1566	1011
1566	1014
1566	1028
1566	1062
1566	1066
1566	1079
1566	1084
1566	1102
1566	1159
1566	1243
1566	1258
1566	1260
1566	1261
1566	1269
1566	1278
1566	1284
1566	1289
1566	1303
1566	1306
1566	1307
1566	1327
1566	1332
1566	1337
1566	1339
1566	1350
1566	1357
1566	1358
1566	1360
1566	1362
1566	1374
1566	1377
1566	1385
1566	1388
1566	1396
1566	1405
1566	1422
1566	1423
1566	1430
1566	1432
1566	1443
1566	1450
1566	1488
1566	1500
1566	1505
1566	1514
1566	1526
1566	1538
1566	1541
1566	1556
1566	1560
1567	105
1567	118
1567	287
1567	323
1567	333
1567	350
1567	732
1567	1422
1567	1514
1569	29
1569	1422
1569	1441
1569	1483
1569	1487
1569	1516
1569	1541
1570	432
1570	512
1571	88
1571	114
1571	1260
1571	1269
1571	1319
1571	1362
1571	1422
1571	1450
1571	1464
1571	1476
1571	1500
1571	1511
1571	1513
1571	1514
1571	1540
1571	1549
1571	1565
1572	40
1572	1500
1573	1358
1574	1337
1574	1362
1575	67
1575	70
1575	94
1575	101
1575	105
1575	115
1575	152
1575	169
1575	393
1575	1516
